n=250325
null_cells=0
cells=250325
min=0
max=255
range=255
mean=110.346713272745
mean_of_abs=110.346713272745
stddev=8.43087149474902
variance=71.0795941609716
coeff_var=7.64034672596938
sum=27622541
first_quartile=106
median=110
third_quartile=114
percentile_90=118
