n=250325
null_cells=0
cells=250325
min=0
max=255
range=255
mean=115.238465994208
mean_of_abs=115.238465994208
stddev=8.97064489504434
variance=80.4724698329851
coeff_var=7.78441887233665
sum=28847069
first_quartile=110
median=115
third_quartile=121
percentile_90=126
