raster/r.external/testsuite/data/elevation.asc
ncols        150
nrows        135
xllcorner    630000.000000000000
yllcorner    215000.000000000000
cellsize     100.000000000000
[rows 95 to 113 of 135, columns 41 to 81 of 150]
106.5948486328125 114.7979583740234375 117.2263336181640625 122.2629547119140625 129.544219970703125 132.5989837646484375 135.688934326171875 136.8981781005859375 134.88671875 131.1908111572265625 125.17536163330078125 129.55718994140625 129.923248291015625 128.2474365234375 126.89453887939453125 124.83344268798828125 122.57555389404296875 127.6821441650390625 124.585906982421875 119.9598236083984375 121.7444000244140625 120.25850677490234375 116.46321868896484375 113.93717193603515625 96.03614044189453125 95.92578887939453125 97.54593658447265625 98.77962493896484375 99.68747711181640625 100.29155731201171875 100.03107452392578125 100.5723114013671875 101.22985076904296875 98.23270416259765625 95.77661895751953125 90.65682220458984375 90.726287841796875 97.37311553955078125 101.142822265625 105.52205657958984375 109.39591217041015625
109.87334442138671875 115.6196441650390625 124.80126190185546875 129.138519287109375 131.6895294189453125 127.43587493896484375 126.8704833984375 129.6317901611328125 133.801055908203125 127.2358551025390625 120.93476104736328125 126.21189117431640625 130.172332763671875 132.6988983154296875 128.9150848388671875 129.248992919921875 127.8603057861328125 130.33563232421875 129.5557098388671875 128.6833648681640625 123.4181976318359375 114.19134521484375 105.52211761474609375 101.54998779296875 96.15378570556640625 95.10305023193359375 95.59832763671875 96.49468231201171875 98.03282928466796875 99.23748016357421875 96.84685516357421875 96.25363922119140625 98.7737579345703125 95.67960357666015625 94.0960845947265625 90.45084381103515625 89.66046905517578125 90.37975311279296875 98.78981781005859375 104.225921630859375 108.037200927734375
113.87166595458984375 120.12656402587890625 125.36821746826171875 125.8055877685546875 126.0644683837890625 131.0757293701171875 127.84427642822265625 124.39217376708984375 129.6594085693359375 122.4977874755859375 118.57756805419921875 127.25412750244140625 130.2246551513671875 129.99822998046875 130.371917724609375 127.13347625732421875 125.249053955078125 127.002716064453125 128.588165283203125 128.21783447265625 124.072265625 121.9767303466796875 120.0240478515625 111.84447479248046875 98.9820709228515625 95.18536376953125 94.10005950927734375 94.63503265380859375 95.8265228271484375 95.566558837890625 94.49120330810546875 94.1455230712890625 92.41925811767578125 90.8372955322265625 90.086181640625 89.6801605224609375 89.221527099609375 89.656280517578125 95.613922119140625 103.3808746337890625 105.40991973876953125
119.4613494873046875 122.1552886962890625 119.43959808349609375 125.06829833984375 127.8477325439453125 128.5160675048828125 126.0601654052734375 120.96579742431640625 126.27594757080078125 124.71315765380859375 117.0300445556640625 126.06768035888671875 127.127227783203125 126.30693817138671875 127.53679656982421875 124.0742950439453125 121.90007781982421875 121.97911834716796875 125.802703857421875 128.5161285400390625 120.59917449951171875 111.88925933837890625 111.22509765625 101.24777984619140625 111.12290191650390625 110.88013458251953125 94.09609222412109375 93.79286956787109375 93.5862579345703125 93.193450927734375 92.36767578125 91.6161041259765625 90.72658538818359375 92.11824798583984375 96.4833221435546875 97.96776580810546875 88.49279022216796875 90.09612274169921875 97.5227813720703125 105.21503448486328125 106.7734375
120.4129486083984375 118.6309356689453125 117.677459716796875 123.631683349609375 129.1776885986328125 128.5185394287109375 121.25830841064453125 114.30519866943359375 120.55603790283203125 115.85260009765625 118.20587158203125 124.3513946533203125 124.3017120361328125 123.644195556640625 121.69781494140625 121.44191741943359375 119.52518463134765625 121.07543182373046875 125.815582275390625 127.04579925537109375 126.4453887939453125 122.122222900390625 114.97954559326171875 119.39604949951171875 109.6528167724609375 116.2277069091796875 106.86191558837890625 93.0871124267578125 92.68360137939453125 92.17828369140625 91.9631195068359375 91.32270050048828125 91.7303924560546875 104.48272705078125 102.9417877197265625 88.45575714111328125 88.41961669921875 89.6347808837890625 93.97824859619140625 101.887786865234375 97.99237060546875
118.55065155029296875 112.7465057373046875 117.82567596435546875 120.66945648193359375 126.7866668701171875 128.545257568359375 124.165496826171875 112.46636199951171875 115.942657470703125 111.1068115234375 116.04631805419921875 122.70766448974609375 127.2754058837890625 125.41268157958984375 125.74254608154296875 124.33049774169921875 118.64003753662109375 118.0789794921875 121.86163330078125 120.6567230224609375 124.45477294921875 125.5495452880859375 123.93288421630859375 115.8366241455078125 115.6704254150390625 118.85280609130859375 109.7718963623046875 100.44297027587890625 96.4149627685546875 100.52387237548828125 98.87171173095703125 104.40708160400390625 105.6472625732421875 110.8680419921875 101.503082275390625 90.57961273193359375 88.3625946044921875 88.3321533203125 88.26982879638671875 95.05342864990234375 87.82682037353515625
112.1117706298828125 109.27712249755859375 117.835052490234375 124.6706085205078125 126.18514251708984375 126.72019195556640625 116.84246826171875 114.82141876220703125 108.58518218994140625 113.21921539306640625 119.345703125 122.2587890625 126.9759063720703125 129.5230560302734375 130.1171112060546875 126.44719696044921875 119.57236480712890625 115.25677490234375 120.4842681884765625 123.2493896484375 121.9941558837890625 124.9776153564453125 121.9901885986328125 119.2082672119140625 121.4818572998046875 115.61283111572265625 104.5428009033203125 112.49082183837890625 118.19474029541015625 117.30985260009765625 109.491973876953125 112.9587249755859375 111.4694671630859375 112.994476318359375 104.70635223388671875 94.62146759033203125 88.331878662109375 88.301544189453125 88.22148895263671875 85.3480224609375 84.5348968505859375
103.95953369140625 110.3168487548828125 113.61128997802734375 118.822265625 123.66887664794921875 125.75539398193359375 118.03014373779296875 108.53629302978515625 105.88085174560546875 110.74289703369140625 117.84320068359375 124.18556976318359375 126.001007080078125 128.8933258056640625 129.6100311279296875 125.11376953125 118.9368133544921875 114.92507171630859375 117.62792205810546875 119.70447540283203125 120.39638519287109375 122.335693359375 119.47536468505859375 116.64394378662109375 119.2482147216796875 114.99356842041015625 108.30458831787109375 116.1483154296875 116.208953857421875 113.85230255126953125 114.6163787841796875 113.797943115234375 109.5576171875 108.57816314697265625 108.52892303466796875 99.3387451171875 91.20298004150390625 89.70294952392578125 89.7263946533203125 89.27440643310546875 89.4431915283203125
111.6173095703125 118.76837921142578125 121.09604644775390625 124.21671295166015625 121.462646484375 120.166534423828125 111.5256500244140625 107.1337738037109375 105.53498077392578125 112.31145477294921875 120.18111419677734375 125.65142822265625 127.4280242919921875 125.960540771484375 127.0417633056640625 121.57440948486328125 118.395782470703125 116.412506103515625 113.3998565673828125 114.860626220703125 117.67679595947265625 119.757293701171875 115.75839996337890625 114.23867034912109375 117.9951934814453125 115.40285491943359375 115.57492828369140625 116.4134368896484375 115.3685150146484375 113.9644775390625 109.17369842529296875 110.97068023681640625 109.77386474609375 102.4516143798828125 106.6872711181640625 105.81394195556640625 101.64003753662109375 91.7311248779296875 90.2745361328125 98.9761962890625 97.3341522216796875
116.135162353515625 117.8056488037109375 118.8944091796875 123.646728515625 118.0977935791015625 116.08321380615234375 117.01529693603515625 101.51398468017578125 105.3643798828125 111.5581817626953125 115.91941070556640625 121.76996612548828125 123.648651123046875 122.0842742919921875 126.4596099853515625 125.29161834716796875 123.31014251708984375 123.35010528564453125 117.4750823974609375 112.5423583984375 112.5079803466796875 117.32265472412109375 115.7144927978515625 112.012176513671875 114.86586761474609375 112.85445404052734375 112.5664520263671875 112.43004608154296875 111.191680908203125 109.029327392578125 107.4952545166015625 107.06513214111328125 105.99654388427734375 102.80568695068359375 102.305145263671875 99.0978546142578125 95.2332611083984375 89.22440338134765625 100.21521759033203125 104.65735626220703125 102.2925262451171875
111.60710906982421875 114.86881256103515625 119.11222076416015625 121.5713958740234375 116.63813018798828125 110.82108306884765625 110.63787841796875 100.82171630859375 107.27736663818359375 114.88596343994140625 121.02037811279296875 122.546722412109375 116.48003387451171875 118.93512725830078125 124.32740020751953125 127.47371673583984375 127.006195068359375 124.949737548828125 120.03423309326171875 118.392425537109375 109.861785888671875 110.40236663818359375 110.96923065185546875 109.929840087890625 113.34688568115234375 111.60381317138671875 107.120819091796875 105.24249267578125 104.5522003173828125 101.379974365234375 99.4579315185546875 98.232757568359375 96.8157806396484375 94.5307159423828125 93.90245819091796875 92.40508270263671875 90.73484039306640625 94.84842681884765625 103.6830291748046875 108.986236572265625 104.3925933837890625
110.32532501220703125 112.49468994140625 116.37519073486328125 119.854461669921875 120.1860198974609375 117.5753326416015625 103.91204833984375 99.37656402587890625 108.811279296875 114.9903564453125 122.04129791259765625 118.81128692626953125 117.4645843505859375 122.332305908203125 126.4269256591796875 127.69799041748046875 127.90760040283203125 127.524688720703125 124.06000518798828125 118.50548553466796875 112.023406982421875 109.14398193359375 107.672637939453125 107.32952880859375 104.833160400390625 104.87128448486328125 103.16164398193359375 102.14394378662109375 101.515472412109375 101.6392974853515625 101.32649993896484375 105.0272979736328125 105.5940093994140625 105.05239105224609375 97.1887054443359375 94.67884063720703125 102.28705596923828125 96.5896453857421875 106.34075164794921875 110.1245880126953125 103.38268280029296875
104.45088958740234375 113.0219573974609375 116.49742889404296875 115.45264434814453125 114.3362579345703125 112.6074676513671875 104.576934814453125 98.356292724609375 107.2668304443359375 115.55255126953125 120.8734893798828125 114.8524169921875 113.41869354248046875 118.90508270263671875 123.669342041015625 123.28646087646484375 124.30687713623046875 127.1010284423828125 124.5671844482421875 118.65322113037109375 112.877410888671875 113.6816864013671875 112.13150787353515625 110.56781005859375 107.63842010498046875 105.347747802734375 108.84522247314453125 108.62310791015625 109.7663421630859375 108.00970458984375 112.899383544921875 112.6498565673828125 114.3798065185546875 108.42243194580078125 98.176177978515625 100.61734771728515625 106.94422149658203125 107.4166717529296875 105.31192779541015625 110.414337158203125 100.76625823974609375
106.56192779541015625 107.90105438232421875 111.67942047119140625 112.94132232666015625 110.6447601318359375 102.3902740478515625 98.2874298095703125 101.31644439697265625 108.7598419189453125 115.4775238037109375 114.75408935546875 108.63658905029296875 111.87215423583984375 118.55493927001953125 120.63004302978515625 115.44550323486328125 121.160552978515625 125.4160003662109375 121.5996856689453125 117.41529083251953125 117.150360107421875 116.01308441162109375 118.954620361328125 116.44173431396484375 110.52938079833984375 115.47896575927734375 113.18875885009765625 109.90004730224609375 116.56737518310546875 114.740966796875 116.89990997314453125 120.578857421875 112.643157958984375 102.997314453125 102.8737640380859375 107.37238311767578125 109.9461669921875 115.25342559814453125 111.32532501220703125 105.0814971923828125 106.825408935546875
100.24727630615234375 103.08470916748046875 108.56485748291015625 112.20803070068359375 112.68087005615234375 106.63775634765625 96.06165313720703125 105.426055908203125 113.20372772216796875 116.0500335693359375 108.1387176513671875 104.751434326171875 113.49210357666015625 118.97235107421875 114.4886322021484375 116.78025054931640625 119.2559814453125 123.748138427734375 122.65860748291015625 122.37270355224609375 120.2276763916015625 120.02059173583984375 118.52346038818359375 114.9818572998046875 113.48322296142578125 118.562347412109375 118.2044219970703125 114.45328521728515625 118.8383026123046875 123.47918701171875 123.1818695068359375 118.37952423095703125 111.997955322265625 106.02790069580078125 109.2598114013671875 111.33957672119140625 110.1213531494140625 116.93865203857421875 111.418212890625 108.09490203857421875 112.5996551513671875
101.35883331298828125 105.4007568359375 107.17121124267578125 108.68041229248046875 109.59473419189453125 100.43672943115234375 95.51335906982421875 103.60552215576171875 112.0088958740234375 113.42053985595703125 103.2738037109375 107.83644866943359375 115.91979217529296875 115.475341796875 107.81342315673828125 113.92667388916015625 119.72956085205078125 123.45963287353515625 120.1380615234375 120.33406829833984375 117.62899017333984375 117.7352752685546875 117.87229156494140625 116.97906494140625 117.43408203125 117.43755340576171875 117.5868682861328125 118.4645843505859375 120.1193695068359375 122.97165679931640625 122.21750640869140625 117.0321044921875 109.94586181640625 111.60079193115234375 115.97296142578125 117.610931396484375 114.81639862060546875 116.1235809326171875 114.87915802001953125 113.55759429931640625 114.78279876708984375
95.87995147705078125 103.0788116455078125 102.8525390625 104.13695526123046875 106.2290496826171875 95.1520233154296875 95.80190277099609375 102.97661590576171875 109.26714324951171875 112.3816070556640625 100.9543609619140625 110.07761383056640625 112.93840789794921875 106.48073577880859375 109.13220977783203125 115.67162322998046875 122.4405364990234375 122.7161407470703125 117.76807403564453125 115.680633544921875 117.64154052734375 112.12066650390625 114.26511383056640625 113.79044342041015625 115.76845550537109375 113.2592010498046875 112.7450408935546875 113.94366455078125 120.24564361572265625 124.03589630126953125 121.62822723388671875 118.18051910400390625 114.41014862060546875 117.75402069091796875 119.97890472412109375 123.00533294677734375 121.26071929931640625 118.35883331298828125 119.52870941162109375 117.66382598876953125 116.75302886962890625
94.208221435546875 99.353607177734375 100.8225250244140625 101.8084716796875 102.628265380859375 92.91547393798828125 95.59244537353515625 104.2004547119140625 112.150970458984375 108.34148406982421875 98.57695770263671875 108.2445220947265625 104.48282623291015625 103.99291229248046875 112.50995635986328125 117.3108367919921875 124.0119781494140625 121.8151397705078125 117.83417510986328125 113.26113128662109375 114.91587066650390625 113.70619964599609375 108.10926055908203125 110.19199371337890625 111.55014801025390625 111.15241241455078125 109.9873809814453125 116.986541748046875 122.03290557861328125 125.98046875 123.96973419189453125 120.527801513671875 118.531707763671875 119.81911468505859375 122.434661865234375 124.7594146728515625 125.0114898681640625 121.63568115234375 119.28948974609375 112.70870208740234375 113.38397979736328125
92.6218719482421875 94.566192626953125 96.13939666748046875 99.1755218505859375 98.35665130615234375 90.20135498046875 100.800537109375 107.41817474365234375 110.86843109130859375 102.43041229248046875 95.95197296142578125 101.40196990966796875 101.01271820068359375 108.38690185546875 114.60955047607421875 120.59332275390625 123.69663238525390625 118.542205810546875 117.289154052734375 114.76458740234375 110.5431976318359375 106.786285400390625 103.66584014892578125 104.678192138671875 106.39305877685546875 104.0128631591796875 113.06292724609375 118.15038299560546875 122.92487335205078125 123.96410369873046875 119.66196441650390625 119.8671722412109375 114.4176025390625 117.16904449462890625 120.3395538330078125 120.83586883544921875 123.42179107666015625 121.17488861083984375 116.77735137939453125 110.88741302490234375 108.15612030029296875
