raster/r.external/testsuite/data/elevation.asc
ncols        150
nrows        135
xllcorner    630000.000000000000
yllcorner    215000.000000000000
cellsize     100.000000000000
[rows 19 to 37 of 135, columns 82 to 122 of 150]
133.8615264892578125 136.2329559326171875 135.3750762939453125 133.2574462890625 130.0352783203125 129.7661590576171875 127.85321807861328125 131.147735595703125 131.008636474609375 121.95063018798828125 119.64382171630859375 122.5826263427734375 123.546875 116.84752655029296875 123.283721923828125 130.034423828125 133.0285797119140625 131.514068603515625 127.50159454345703125 124.034423828125 118.691314697265625 115.32575225830078125 112.10935211181640625 108.18183135986328125 108.6175994873046875 110.87506866455078125 110.65993499755859375 110.31209564208984375 108.01116180419921875 107.0708770751953125 100.818511962890625 93.391448974609375 97.71360015869140625 95.67089080810546875 93.48914337158203125 87.87542724609375 79.56751251220703125 81.20171356201171875 91.40842437744140625 92.3191680908203125 93.89846038818359375
131.377777099609375 131.6487579345703125 133.86737060546875 130.1246795654296875 125.8180084228515625 126.62239837646484375 123.4416351318359375 128.8374176025390625 127.4980010986328125 122.98802947998046875 126.3163299560546875 129.41943359375 121.40052032470703125 121.62353515625 126.73431396484375 131.5346221923828125 130.53753662109375 129.4212646484375 127.57794189453125 122.89728546142578125 118.39395904541015625 115.94298553466796875 113.33642578125 108.92264556884765625 105.87696075439453125 107.50412750244140625 109.65453338623046875 107.28476715087890625 109.33542633056640625 104.71253204345703125 101.8662567138671875 101.107330322265625 98.34474945068359375 96.94391632080078125 97.54033660888671875 88.63445281982421875 80.07353973388671875 83.02675628662109375 92.74924468994140625 92.12652587890625 91.67102813720703125
127.775390625 128.149261474609375 128.2314910888671875 130.75640869140625 125.60352325439453125 122.333831787109375 122.996734619140625 128.7707061767578125 129.870452880859375 127.7395477294921875 131.0160675048828125 129.197967529296875 123.8484954833984375 125.1736602783203125 131.772064208984375 131.31268310546875 128.093414306640625 127.4951171875 127.69313812255859375 123.25656890869140625 115.95861053466796875 113.34883880615234375 112.08043670654296875 104.363128662109375 102.53022003173828125 104.54172515869140625 106.08625030517578125 107.32726287841796875 107.4563446044921875 103.16835784912109375 102.535736083984375 103.418212890625 99.93280792236328125 93.7564544677734375 92.48014068603515625 90.0927276611328125 80.16367340087890625 87.25696563720703125 94.3211669921875 94.27239990234375 97.45351409912109375
124.63536834716796875 124.20475006103515625 128.5627288818359375 129.2088165283203125 125.75409698486328125 120.13582611083984375 122.84420013427734375 125.44971466064453125 127.2360992431640625 127.94283294677734375 127.38173675537109375 125.93135833740234375 126.3151702880859375 129.33538818359375 130.0974578857421875 126.75608062744140625 124.41146087646484375 127.36629486083984375 128.407379150390625 122.104248046875 117.01287078857421875 115.03879547119140625 113.023468017578125 109.26425933837890625 102.60030364990234375 99.3546905517578125 102.81137847900390625 105.16985321044921875 105.1099395751953125 101.427337646484375 99.777313232421875 99.978851318359375 99.12697601318359375 94.60101318359375 91.05669403076171875 84.53081512451171875 84.28546142578125 89.0100250244140625 94.9022979736328125 97.71375274658203125 99.8010711669921875
118.03520965576171875 122.1263275146484375 123.30637359619140625 125.65254974365234375 126.00887298583984375 120.64305877685546875 118.8336029052734375 121.52582550048828125 123.4949188232421875 123.72594451904296875 124.07460784912109375 124.7119293212890625 123.70355987548828125 126.96417999267578125 127.4049530029296875 122.090728759765625 120.18695831298828125 126.00934600830078125 129.077301025390625 125.19747161865234375 123.037872314453125 119.5501251220703125 117.70166778564453125 112.39947509765625 107.19759368896484375 97.923431396484375 96.94756317138671875 98.134857177734375 98.9112701416015625 95.84523773193359375 98.64654541015625 97.67044830322265625 94.2129669189453125 93.13686370849609375 86.8509674072265625 83.51874542236328125 85.08084869384765625 89.3694610595703125 90.1255035400390625 93.19818115234375 97.26821136474609375
120.496002197265625 116.6342926025390625 119.34577178955078125 120.0684661865234375 120.93207550048828125 118.32555389404296875 120.876861572265625 118.99367523193359375 119.08509063720703125 122.301239013671875 119.74481201171875 119.99976348876953125 122.9109649658203125 128.7014312744140625 126.56003570556640625 118.9732818603515625 120.67535400390625 123.30234527587890625 126.73897552490234375 125.296844482421875 121.69724273681640625 121.0289764404296875 120.81998443603515625 112.7148895263671875 105.75188446044921875 98.30881500244140625 94.260528564453125 92.60698699951171875 91.4538421630859375 90.80712127685546875 90.33081817626953125 88.5993194580078125 87.65911865234375 85.93994903564453125 84.4154815673828125 83.658294677734375 88.67893218994140625 96.0816802978515625 95.57422637939453125 94.479736328125 100.8140716552734375
126.07523345947265625 122.98770904541015625 115.96451568603515625 116.08478546142578125 118.41765594482421875 118.733551025390625 114.13610076904296875 112.9788360595703125 118.967987060546875 119.966766357421875 116.76044464111328125 118.10825347900390625 119.9990692138671875 125.48798370361328125 123.0799102783203125 114.7249908447265625 115.27828216552734375 121.6034698486328125 122.824859619140625 120.44686126708984375 120.90712738037109375 118.06395721435546875 118.81842041015625 113.561553955078125 106.9149932861328125 103.5574493408203125 103.6437225341796875 100.729156494140625 95.63449859619140625 98.58379364013671875 91.97042083740234375 89.93265533447265625 88.28823089599609375 86.89258575439453125 85.24897003173828125 85.93607330322265625 90.3556365966796875 90.79976654052734375 96.654205322265625 98.23627471923828125 102.923065185546875
127.29178619384765625 127.35700225830078125 121.2110137939453125 114.282928466796875 113.5383148193359375 114.58702850341796875 114.41584014892578125 112.168731689453125 111.91132354736328125 115.60370635986328125 115.71659088134765625 115.81293487548828125 119.88663482666015625 122.8080902099609375 118.881805419921875 115.45966339111328125 116.8402557373046875 123.76267242431640625 122.49571990966796875 116.5072479248046875 118.1688079833984375 118.91466522216796875 113.78635406494140625 111.4410552978515625 110.94972991943359375 107.092041015625 100.3006591796875 101.03420257568359375 103.39229583740234375 105.1556243896484375 100.75696563720703125 95.06961822509765625 91.05069732666015625 90.6920928955078125 90.37139892578125 91.34171295166015625 90.880584716796875 92.9011077880859375 96.4052581787109375 98.68103790283203125 103.9140472412109375
130.1658782958984375 125.03380584716796875 122.2999267578125 118.9519805908203125 113.8092193603515625 109.2593231201171875 111.93321990966796875 110.905029296875 111.00408935546875 111.86185455322265625 114.58106231689453125 114.15441131591796875 114.033447265625 115.46599578857421875 116.4004669189453125 111.057342529296875 116.47513580322265625 121.91066741943359375 122.34375762939453125 116.4483642578125 112.44416046142578125 118.76717376708984375 114.70703125 110.871612548828125 107.7594451904296875 104.08554840087890625 106.6923828125 108.99889373779296875 110.651947021484375 108.1009368896484375 102.8957977294921875 97.737548828125 98.51406097412109375 92.6098785400390625 97.60253143310546875 97.63372039794921875 95.23258209228515625 95.9942779541015625 95.711151123046875 97.9339447021484375 104.49599456787109375
128.7174072265625 126.30281829833984375 124.47042083740234375 123.5628509521484375 122.30764007568359375 114.31536102294921875 110.71839141845703125 105.70862579345703125 107.98937225341796875 105.89899444580078125 109.3705291748046875 109.548126220703125 112.568359375 111.36553955078125 110.63845062255859375 113.189727783203125 120.02274322509765625 115.4477996826171875 119.37868499755859375 115.204071044921875 109.05596160888671875 114.99027252197265625 116.4188995361328125 111.56891632080078125 109.7969818115234375 108.64675140380859375 111.77480316162109375 114.431610107421875 113.95551300048828125 108.1797637939453125 101.053741455078125 103.26328277587890625 102.7457275390625 97.57166290283203125 101.50608062744140625 104.2559661865234375 99.002227783203125 103.25695037841796875 98.67800140380859375 98.9008941650390625 100.554962158203125
127.03263092041015625 122.69515228271484375 120.17159271240234375 123.301910400390625 122.137786865234375 117.0392608642578125 117.17601776123046875 111.02735137939453125 109.258026123046875 105.15847015380859375 105.27156829833984375 107.05892181396484375 107.9569549560546875 106.62899017333984375 107.5730438232421875 112.21802520751953125 118.3801727294921875 111.36656951904296875 115.65659332275390625 108.4417724609375 108.32155609130859375 115.28899383544921875 113.971282958984375 111.2699737548828125 108.136474609375 109.92447662353515625 113.6125030517578125 117.2676849365234375 116.3469390869140625 109.754730224609375 106.51651763916015625 108.5163421630859375 104.49560546875 98.19730377197265625 101.3094329833984375 105.44451904296875 104.03572845458984375 104.3737030029296875 103.59912109375 101.881439208984375 104.2628326416015625
124.7150726318359375 117.78791046142578125 116.88967132568359375 120.69441986083984375 122.24524688720703125 122.91121673583984375 123.63564300537109375 117.51331329345703125 115.29470062255859375 108.67299652099609375 108.053466796875 99.62822723388671875 101.69849395751953125 101.38592529296875 106.64757537841796875 110.83272552490234375 114.30826568603515625 106.8067779541015625 112.32865142822265625 107.52010345458984375 108.23989105224609375 115.650299072265625 111.9615631103515625 103.89673614501953125 104.261138916015625 110.74593353271484375 114.64812469482421875 116.01204681396484375 114.2585906982421875 111.51993560791015625 111.20537567138671875 110.66422271728515625 106.86046600341796875 100.29273223876953125 102.541351318359375 106.4903564453125 108.998870849609375 107.788177490234375 106.825592041015625 105.51892852783203125 106.505615234375
123.99462127685546875 118.46369171142578125 112.7298736572265625 115.22946929931640625 113.469268798828125 120.67160797119140625 123.9049835205078125 124.31855010986328125 123.21572113037109375 118.07306671142578125 112.45772552490234375 113.30031585693359375 101.8584136962890625 101.04052734375 101.16185760498046875 105.39888763427734375 106.20557403564453125 99.9610137939453125 106.35672760009765625 101.96581268310546875 107.87714385986328125 114.81798553466796875 108.50983428955078125 106.08221435546875 104.7326507568359375 110.71218109130859375 112.77556610107421875 115.8193511962890625 113.80097198486328125 113.06777191162109375 110.390380859375 107.87123870849609375 106.901641845703125 106.0594329833984375 104.91176605224609375 107.2810516357421875 109.10970306396484375 109.80279541015625 107.27978515625 107.66863250732421875 109.31421661376953125
121.7424163818359375 118.3516998291015625 111.95208740234375 111.798309326171875 113.99684906005859375 117.7797088623046875 117.99127960205078125 121.654388427734375 120.519989013671875 122.27993011474609375 118.0675811767578125 118.88277435302734375 111.9532928466796875 101.4583282470703125 96.92765045166015625 95.656097412109375 94.31362152099609375 97.13541412353515625 98.17511749267578125 101.00878143310546875 107.0187530517578125 113.179718017578125 108.074066162109375 97.02510833740234375 104.79754638671875 108.11191558837890625 108.982635498046875 111.57065582275390625 108.0817413330078125 107.268402099609375 109.5139312744140625 106.40796661376953125 106.4053955078125 104.48181915283203125 103.08762359619140625 104.86887359619140625 107.4058380126953125 106.22022247314453125 107.35294342041015625 107.33295440673828125 108.92237091064453125
121.79743194580078125 116.1924285888671875 115.0799102783203125 107.72646331787109375 112.56764984130859375 113.044708251953125 113.629638671875 114.02593231201171875 115.26351165771484375 120.70264434814453125 125.5655517578125 118.98583984375 112.56449127197265625 108.39598846435546875 106.3408660888671875 102.94927978515625 99.860198974609375 93.7647705078125 95.5136566162109375 96.62441253662109375 103.91245269775390625 106.63282012939453125 107.8795928955078125 104.04853057861328125 98.603118896484375 102.05922698974609375 102.85558319091796875 105.9667816162109375 102.56462860107421875 104.59545135498046875 109.50325775146484375 104.621734619140625 98.62105560302734375 99.2200164794921875 100.2015838623046875 101.462005615234375 104.36963653564453125 102.46504974365234375 105.208221435546875 105.125396728515625 106.47274017333984375
119.7193756103515625 112.99477386474609375 108.694488525390625 106.23862457275390625 107.6383056640625 106.19130706787109375 109.8936767578125 113.8415069580078125 118.82808685302734375 124.811614990234375 127.93091583251953125 122.89483642578125 119.11705780029296875 117.87276458740234375 111.667236328125 103.02208709716796875 105.17559051513671875 103.5562591552734375 94.7361602783203125 94.576080322265625 96.8792877197265625 102.6527252197265625 103.36435699462890625 100.87218475341796875 97.057830810546875 102.066314697265625 99.54238128662109375 100.7601470947265625 100.0037994384765625 102.8182525634765625 107.71649169921875 98.966094970703125 95.76988983154296875 96.2746734619140625 97.758453369140625 99.90496826171875 100.45653533935546875 102.885772705078125 101.71811676025390625 104.71533966064453125 104.2882537841796875
115.80030059814453125 115.79085540771484375 105.98696136474609375 102.60994720458984375 103.24920654296875 105.864227294921875 111.41595458984375 115.19557952880859375 117.8177337646484375 123.00002288818359375 128.2994842529296875 123.93691253662109375 123.116668701171875 114.89469146728515625 109.494232177734375 110.44669342041015625 110.4327850341796875 105.90476226806640625 98.954132080078125 92.1207122802734375 94.90033721923828125 102.94293975830078125 98.3788909912109375 93.27217864990234375 95.39752960205078125 99.38033294677734375 95.96195220947265625 95.369354248046875 100.2290802001953125 100.209625244140625 102.48448944091796875 97.08261871337890625 96.28845977783203125 95.345123291015625 94.45790863037109375 95.8162384033203125 97.47930908203125 101.63153839111328125 99.38248443603515625 102.69309234619140625 102.7600860595703125
116.0425567626953125 112.25585174560546875 110.31182861328125 103.14937591552734375 101.2092132568359375 107.21533203125 109.86540985107421875 112.23596954345703125 116.94461822509765625 126.54308319091796875 127.01184844970703125 124.69886016845703125 119.2286529541015625 115.92302703857421875 116.56179046630859375 114.59349822998046875 117.49846649169921875 110.4702911376953125 101.48021697998046875 96.65172576904296875 91.65125274658203125 97.55347442626953125 99.3380889892578125 90.3345184326171875 88.77838134765625 90.57462310791015625 93.94710540771484375 95.2645416259765625 102.825408935546875 106.72663116455078125 101.30106353759765625 93.6549072265625 91.9476776123046875 94.76589202880859375 95.46793365478515625 97.75174713134765625 100.9187469482421875 99.4442596435546875 96.4494781494140625 101.09188079833984375 102.032318115234375
112.88404083251953125 108.3248138427734375 105.4822235107421875 99.5509796142578125 99.981781005859375 103.76976776123046875 110.31711578369140625 112.56524658203125 119.946746826171875 128.3956756591796875 128.06744384765625 125.48651885986328125 121.8391571044921875 122.35410308837890625 122.234832763671875 119.90476226806640625 117.52617645263671875 113.6990814208984375 106.81200408935546875 106.0995941162109375 95.67177581787109375 87.33103179931640625 94.410003662109375 90.67794036865234375 86.4998626708984375 87.555389404296875 93.00681304931640625 98.61829376220703125 103.12646484375 103.616790771484375 98.4637451171875 92.472503662109375 87.2544708251953125 90.9237823486328125 95.19751739501953125 97.17130279541015625 101.23607635498046875 94.45856475830078125 94.68904876708984375 100.0616912841796875 100.1093292236328125
