raster/r.external/testsuite/data/elevation.asc
ncols        150
nrows        135
xllcorner    630000.000000000000
yllcorner    215000.000000000000
cellsize     100.000000000000
[rows 76 to 94 of 135, columns 41 to 81 of 150]
131.864593505859375 129.400848388671875 127.9939727783203125 126.1067352294921875 122.847869873046875 117.79030609130859375 120.12467193603515625 126.8653106689453125 127.39919281005859375 127.3836669921875 126.9168548583984375 132.5126800537109375 128.3962860107421875 127.2038116455078125 134.9366455078125 136.9125518798828125 133.469451904296875 127.57068634033203125 122.53272247314453125 122.30869293212890625 122.003936767578125 129.9253997802734375 133.68206787109375 135.784393310546875 132.8917388916015625 132.2929534912109375 130.245330810546875 127.9066925048828125 127.1077423095703125 124.71759033203125 118.795867919921875 112.36623382568359375 107.33609771728515625 109.82549285888671875 114.67937469482421875 113.0484466552734375 120.9030914306640625 124.92354583740234375 128.2501678466796875 127.4113616943359375 125.14525604248046875
137.138153076171875 131.4085235595703125 127.16210174560546875 124.54238128662109375 125.4024810791015625 116.98845672607421875 116.96380615234375 123.43707275390625 123.675048828125 129.0904693603515625 132.038543701171875 129.5218353271484375 124.7544708251953125 130.342681884765625 136.55242919921875 135.9721221923828125 126.1940460205078125 125.62070465087890625 120.3954620361328125 119.89247894287109375 128.3380126953125 132.620391845703125 135.71337890625 134.3184814453125 131.518463134765625 129.0810394287109375 131.022552490234375 131.0540313720703125 126.60742950439453125 122.92758941650390625 117.85228729248046875 111.05157470703125 105.47296905517578125 110.43074798583984375 108.8743133544921875 117.51964569091796875 121.1193084716796875 123.7806243896484375 124.49767303466796875 123.64499664306640625 120.44659423828125
137.264404296875 134.7089996337890625 134.0394744873046875 132.3591766357421875 131.3752593994140625 126.7266998291015625 115.80567169189453125 118.01351165771484375 121.74727630615234375 126.6305999755859375 128.37237548828125 122.35587310791015625 128.0948333740234375 134.4891510009765625 134.725341796875 133.70245361328125 129.179290771484375 126.56484222412109375 119.7436676025390625 117.90874481201171875 127.02730560302734375 131.658721923828125 130.13818359375 132.7310791015625 129.83489990234375 125.98780059814453125 128.558197021484375 130.0330657958984375 122.88477325439453125 116.37054443359375 115.7792510986328125 115.20175933837890625 105.74617767333984375 106.93767547607421875 112.09659576416015625 117.54346466064453125 118.07743072509765625 119.37457275390625 119.788330078125 119.14842987060546875 117.6574859619140625
137.0698699951171875 131.7051849365234375 134.7286376953125 135.7093505859375 131.380889892578125 122.98162841796875 118.8875579833984375 116.89508819580078125 120.8051300048828125 123.0302886962890625 120.63500213623046875 126.5072784423828125 130.627349853515625 131.382904052734375 130.12860107421875 129.7722320556640625 129.8165740966796875 129.1624603271484375 122.46491241455078125 117.05974578857421875 124.237548828125 125.27056121826171875 126.972686767578125 131.9347991943359375 129.254669189453125 123.3687286376953125 124.86124420166015625 128.0872955322265625 128.8338470458984375 123.35163116455078125 116.6045684814453125 111.73906707763671875 104.36394500732421875 104.1447601318359375 111.95023345947265625 111.1829376220703125 111.74651336669921875 112.67282867431640625 112.223480224609375 115.3880615234375 119.72296905517578125
136.8538055419921875 130.7123260498046875 132.2295074462890625 135.1729278564453125 132.1837310791015625 133.7996673583984375 119.65425872802734375 114.30924224853515625 117.7631988525390625 121.36092376708984375 119.9305877685546875 126.25859832763671875 126.120086669921875 126.68349456787109375 124.55065155029296875 127.889617919921875 128.0829620361328125 129.7009429931640625 124.8924560546875 117.626739501953125 119.609130859375 120.94362640380859375 128.2212677001953125 129.7179718017578125 125.782470703125 121.04027557373046875 121.92608642578125 125.954254150390625 127.030059814453125 123.33028411865234375 121.022674560546875 115.51631927490234375 103.60832977294921875 103.84874725341796875 104.024017333984375 105.601531982421875 109.09571075439453125 117.73581695556640625 119.7778472900390625 119.541015625 124.08742523193359375
127.982513427734375 125.05693817138671875 128.7960968017578125 134.444000244140625 138.191375732421875 132.5880279541015625 127.32030487060546875 113.041259765625 115.4400482177734375 114.824676513671875 121.80088043212890625 122.9644927978515625 121.51648712158203125 124.77498626708984375 122.84340667724609375 127.5795745849609375 126.17139434814453125 129.466888427734375 125.3649139404296875 117.53043365478515625 117.33065032958984375 121.9716949462890625 125.373779296875 126.006805419921875 127.3588104248046875 122.44158172607421875 120.2424468994140625 122.98455047607421875 123.36370086669921875 117.94260406494140625 118.50371551513671875 115.20092010498046875 105.3371429443359375 100.56116485595703125 107.08654022216796875 113.04314422607421875 112.20056915283203125 122.9686431884765625 124.18735504150390625 126.22072601318359375 124.36704254150390625
126.17575836181640625 125.70497894287109375 133.412261962890625 135.4387969970703125 138.072601318359375 135.4857940673828125 131.1139068603515625 115.24709320068359375 111.77178192138671875 112.44174957275390625 119.062835693359375 119.4708251953125 121.88818359375 121.46988677978515625 121.9495391845703125 125.80449676513671875 125.96192169189453125 127.483306884765625 127.60015869140625 125.4068145751953125 117.071807861328125 117.19396209716796875 120.71053314208984375 124.44123077392578125 126.66131591796875 120.9777679443359375 116.41803741455078125 122.78668975830078125 120.0156097412109375 117.25885009765625 108.86724090576171875 110.6759490966796875 106.9315185546875 99.290313720703125 107.89502716064453125 115.56360626220703125 120.9784698486328125 120.9369354248046875 123.59412384033203125 125.883636474609375 127.43698883056640625
121.90392303466796875 125.19950103759765625 130.5902862548828125 133.1071929931640625 135.865478515625 125.99149322509765625 120.74310302734375 121.9334259033203125 111.34215545654296875 110.56586456298828125 112.92450714111328125 115.08538055419921875 118.947601318359375 116.16645050048828125 122.53589630126953125 120.53252410888671875 123.66887664794921875 126.13175201416015625 128.380889892578125 122.79814910888671875 116.1696929931640625 112.4655303955078125 117.306793212890625 123.09940338134765625 124.08724212646484375 117.36454010009765625 114.4004974365234375 121.05382537841796875 113.9677886962890625 110.6636962890625 106.8821258544921875 106.228118896484375 103.71338653564453125 101.33829498291015625 108.898773193359375 112.228118896484375 122.08113861083984375 124.05739593505859375 121.96913909912109375 122.4517059326171875 124.09680938720703125
117.33673858642578125 126.70478057861328125 130.7677001953125 134.5257415771484375 137.6071014404296875 134.14215087890625 134.0229949951171875 132.4283905029296875 125.41849517822265625 113.03668975830078125 109.964263916015625 111.2902984619140625 112.2949371337890625 117.86983489990234375 119.57086181640625 117.89594268798828125 123.05158233642578125 124.25951385498046875 125.0507049560546875 123.87851715087890625 115.02091217041015625 112.00814056396484375 117.8923797607421875 123.2009124755859375 122.51477813720703125 116.30162811279296875 113.051544189453125 119.133392333984375 118.9060821533203125 116.11652374267578125 111.960601806640625 101.70076751708984375 99.9453887939453125 99.53330230712890625 109.984619140625 113.2022705078125 120.57094573974609375 121.4390869140625 116.3251495361328125 119.5446624755859375 120.15654754638671875
116.6945037841796875 123.42603302001953125 128.0245361328125 128.1777191162109375 135.1121826171875 138.299957275390625 130.801239013671875 124.2053070068359375 119.2878875732421875 114.62918853759765625 109.96715545654296875 108.60521697998046875 109.30023193359375 110.63232421875 116.317657470703125 118.38474273681640625 118.8688812255859375 122.96683502197265625 120.6147613525390625 119.7415771484375 111.40103912353515625 109.1456756591796875 117.112548828125 119.89234161376953125 120.8236541748046875 115.16962432861328125 111.14997100830078125 115.15093994140625 119.6743011474609375 120.724884033203125 114.02172088623046875 106.35076141357421875 100.88410186767578125 98.53818511962890625 106.895599365234375 113.79547882080078125 117.6243133544921875 113.42357635498046875 114.51983642578125 114.7812957763671875 114.750579833984375
115.384796142578125 119.01755523681640625 125.56592559814453125 127.2639312744140625 133.792205810546875 137.9820098876953125 136.5472259521484375 128.962066650390625 130.2459564208984375 127.04021453857421875 122.6151580810546875 109.3260955810546875 107.8022918701171875 107.86249542236328125 109.948516845703125 117.894287109375 115.762115478515625 119.08335113525390625 117.35372161865234375 114.9900970458984375 112.19122314453125 105.994354248046875 111.03838348388671875 117.791534423828125 117.5780029296875 114.0701904296875 109.367340087890625 114.47235107421875 116.90447235107421875 117.8774566650390625 110.4706573486328125 105.395294189453125 98.04582977294921875 96.90552520751953125 107.39891815185546875 109.63326263427734375 109.00324249267578125 109.07569122314453125 109.1668853759765625 115.74010467529296875 119.87751007080078125
123.76523590087890625 127.31201934814453125 129.1327667236328125 134.3199462890625 134.5743255615234375 133.2447967529296875 136.3771209716796875 133.9193115234375 136.462982177734375 135.474212646484375 123.58892822265625 123.89495849609375 113.99510955810546875 106.38636016845703125 108.71358489990234375 108.5933837890625 109.98346710205078125 109.190338134765625 113.32195281982421875 111.3481597900390625 106.512176513671875 105.10352325439453125 109.9535064697265625 112.7267608642578125 114.86266326904296875 110.48189544677734375 109.02986907958984375 114.35296630859375 120.5122528076171875 116.52465057373046875 109.77429962158203125 109.209014892578125 106.3878936767578125 97.49973297119140625 100.6529388427734375 100.14284515380859375 105.270660400390625 110.69896697998046875 114.69878387451171875 116.35616302490234375 118.297271728515625
119.68609619140625 121.21665191650390625 124.7459869384765625 131.1403350830078125 136.502716064453125 130.982025146484375 133.4014892578125 134.4582366943359375 137.4234771728515625 137.0823822021484375 135.276397705078125 131.5540008544921875 126.2982025146484375 106.88608551025390625 105.23268890380859375 104.87579345703125 104.84827423095703125 103.965118408203125 107.16129302978515625 106.850494384765625 104.59218597412109375 102.36792755126953125 106.9676055908203125 105.858245849609375 107.347869873046875 106.20346832275390625 111.2381744384765625 118.0927734375 119.19083404541015625 117.28614044189453125 112.6647796630859375 114.33777618408203125 107.67058563232421875 95.39151763916015625 97.8528594970703125 105.7086181640625 109.04399871826171875 112.94817352294921875 110.38887786865234375 113.59052276611328125 116.44014739990234375
116.8047637939453125 122.6880035400390625 130.32421875 134.73138427734375 136.1357421875 133.7450714111328125 129.709808349609375 131.566558837890625 133.1357421875 135.418670654296875 136.281097412109375 135.7766265869140625 128.1276092529296875 118.89885711669921875 106.5501556396484375 116.225555419921875 105.0538330078125 102.6578369140625 101.46726226806640625 101.10414886474609375 100.731475830078125 100.6324462890625 102.1681671142578125 104.523284912109375 106.43306732177734375 105.0225982666015625 111.60675811767578125 117.0930938720703125 116.31801605224609375 114.15345001220703125 115.61389923095703125 114.25008392333984375 104.63306427001953125 94.3497314453125 98.839080810546875 103.689697265625 109.14147186279296875 109.2079315185546875 109.659759521484375 113.02135467529296875 116.49248504638671875
124.69683074951171875 127.6085052490234375 129.1102294921875 132.5732269287109375 129.858001708984375 133.2724151611328125 130.9437103271484375 125.27439117431640625 131.127593994140625 132.72100830078125 133.7634735107421875 133.166351318359375 120.86765289306640625 120.60198974609375 119.58014678955078125 117.008514404296875 116.328369140625 107.01703643798828125 102.14615631103515625 107.32154083251953125 101.68766021728515625 98.4205780029296875 100.3729248046875 101.79547882080078125 102.80706024169921875 107.03780364990234375 110.9857940673828125 113.26988983154296875 113.21630859375 110.86492156982421875 114.99961090087890625 114.06781005859375 102.0877685546875 94.5516815185546875 94.42819976806640625 102.38834381103515625 106.7088165283203125 100.79123687744140625 106.83791351318359375 112.53464508056640625 118.21161651611328125
124.31456756591796875 124.49308013916015625 129.0522613525390625 129.537200927734375 126.9795684814453125 129.247711181640625 121.8101654052734375 126.34418487548828125 132.4730682373046875 135.011199951171875 131.212982177734375 130.6726226806640625 130.076873779296875 125.62164306640625 123.41841888427734375 125.3726959228515625 121.00617218017578125 106.58577728271484375 111.03884124755859375 116.06626129150390625 113.48757171630859375 98.6545257568359375 98.0831298828125 100.12432861328125 100.3325653076171875 106.33731842041015625 109.29953765869140625 108.37578582763671875 107.4636383056640625 109.72582244873046875 111.1654815673828125 111.48921966552734375 109.8329620361328125 96.64435577392578125 93.1700897216796875 94.15003204345703125 96.73040008544921875 106.1398773193359375 108.49774169921875 108.76361846923828125 114.000030517578125
122.83187103271484375 120.56291961669921875 126.26027679443359375 122.835235595703125 119.5230255126953125 118.52207183837890625 123.28217315673828125 131.54083251953125 131.4333648681640625 135.955108642578125 131.4443359375 129.1263885498046875 125.62105560302734375 126.93045806884765625 128.99530029296875 124.9854278564453125 115.1098480224609375 109.5757293701171875 118.38016510009765625 121.22701263427734375 116.958160400390625 114.19689178466796875 97.789947509765625 98.5482635498046875 98.94432830810546875 103.7773590087890625 105.6103668212890625 106.600555419921875 105.7625885009765625 108.53891754150390625 106.87580108642578125 109.1400299072265625 108.57120513916015625 99.85239410400390625 94.84369659423828125 92.64697265625 102.83045196533203125 104.2201385498046875 102.71539306640625 109.4671478271484375 110.46630859375
121.01940155029296875 113.33094024658203125 115.08766937255859375 117.80023956298828125 120.6345672607421875 129.250274658203125 129.1883087158203125 128.0207977294921875 136.5941925048828125 137.2877197265625 131.8481903076171875 132.4077606201171875 127.28731536865234375 119.93121337890625 121.9385833740234375 115.16899871826171875 111.6049346923828125 113.61186981201171875 121.4812774658203125 123.94077301025390625 116.2859954833984375 103.9084625244140625 97.662811279296875 97.5462646484375 96.986328125 99.6260528564453125 104.76593017578125 103.01770782470703125 105.4769134521484375 105.793609619140625 104.547027587890625 106.98925018310546875 106.048583984375 103.89421844482421875 98.25726318359375 91.9742584228515625 94.50586700439453125 99.16339874267578125 107.9697265625 113.6392059326171875 115.1128692626953125
116.19720458984375 108.51116180419921875 115.4783935546875 120.65169525146484375 127.40175628662109375 135.42095947265625 137.5352020263671875 136.6613922119140625 137.1705169677734375 134.1864471435546875 129.1752777099609375 132.775238037109375 132.3816070556640625 130.181671142578125 119.7561187744140625 122.35550689697265625 119.75705718994140625 122.1350860595703125 123.52337646484375 117.7877960205078125 113.11346435546875 114.73299407958984375 116.1444091796875 97.4842376708984375 95.76284027099609375 97.29813385009765625 101.30402374267578125 100.13404083251953125 102.50853729248046875 102.455810546875 100.82354736328125 102.43264007568359375 104.57645416259765625 100.6999053955078125 98.07141876220703125 91.30088043212890625 92.2895965576171875 102.9100341796875 108.3858489990234375 108.99385833740234375 110.052703857421875
