raster/r.external/testsuite/data/elevation.asc
ncols        150
nrows        135
xllcorner    630000.000000000000
yllcorner    215000.000000000000
cellsize     100.000000000000
[rows 19 to 37 of 135, columns 41 to 81 of 150]
127.5147705078125 129.2167816162109375 129.2018280029296875 124.6569671630859375 133.03155517578125 135.8521881103515625 141.7315216064453125 142.1797027587890625 138.3371429443359375 141.7712554931640625 142.046630859375 144.2699432373046875 148.2280426025390625 149.1777496337890625 147.677032470703125 150.1235809326171875 150.80908203125 150.5265045166015625 146.931549072265625 141.5344696044921875 142.1965179443359375 141.05718994140625 139.5373992919921875 137.159637451171875 134.991424560546875 129.3285675048828125 134.805206298828125 138.5222930908203125 136.5889892578125 135.84686279296875 139.8498382568359375 141.624908447265625 141.478851318359375 140.8928985595703125 138.66119384765625 133.6629486083984375 127.78705596923828125 129.524078369140625 132.0141754150390625 129.9134979248046875 134.687469482421875
124.0211181640625 135.532958984375 136.5197601318359375 126.61986541748046875 126.72168731689453125 135.132476806640625 139.5518341064453125 142.762359619140625 144.902740478515625 142.197723388671875 147.002166748046875 147.1272125244140625 147.1848907470703125 148.1134033203125 149.5693817138671875 150.7902679443359375 149.7006072998046875 143.813201904296875 144.623138427734375 142.7343902587890625 134.888885498046875 132.962554931640625 136.961181640625 135.88031005859375 131.5811614990234375 129.8871002197265625 132.5775146484375 133.785980224609375 134.966033935546875 135.0559539794921875 134.3023223876953125 137.28826904296875 139.5103607177734375 139.348876953125 139.434051513671875 137.6784515380859375 131.642364501953125 125.78165435791015625 127.2181854248046875 133.07904052734375 131.183837890625
128.43377685546875 138.4248199462890625 139.343170166015625 134.2464447021484375 131.6341094970703125 130.4987335205078125 134.6602783203125 138.210235595703125 143.488677978515625 145.9006500244140625 147.077117919921875 146.06121826171875 147.048736572265625 146.1068572998046875 146.8822174072265625 148.5109100341796875 149.8684234619140625 147.8014984130859375 139.5916290283203125 135.492767333984375 134.6662139892578125 132.85205078125 132.5767059326171875 134.5308380126953125 130.798980712890625 122.43569183349609375 133.5830535888671875 135.0522918701171875 132.16278076171875 128.53363037109375 133.754364013671875 138.7662200927734375 138.3980712890625 136.1428680419921875 136.783111572265625 136.2006988525390625 134.0172271728515625 126.94199371337890625 124.09271240234375 131.1005859375 127.013671875
135.8453521728515625 136.1622772216796875 137.0139923095703125 136.23504638671875 136.5682373046875 137.6053009033203125 136.77508544921875 142.29644775390625 144.3643798828125 146.8178863525390625 140.23333740234375 144.563568115234375 145.1579437255859375 142.4873199462890625 145.530731201171875 147.7719268798828125 147.6620941162109375 145.39337158203125 141.5518035888671875 137.4343109130859375 130.4857940673828125 126.25141143798828125 128.463470458984375 129.4034881591796875 126.7427978515625 123.6900177001953125 132.0020904541015625 135.08782958984375 131.3196258544921875 128.030364990234375 134.0066375732421875 138.8361968994140625 137.653106689453125 136.93743896484375 137.176300048828125 133.112579345703125 130.9683837890625 128.3400115966796875 128.12677001953125 123.45208740234375 123.27532196044921875
141.6286468505859375 141.324737548828125 141.745819091796875 135.2781524658203125 137.0050811767578125 141.8111724853515625 139.4113311767578125 141.4915008544921875 145.02569580078125 143.9031829833984375 141.5574798583984375 140.747650146484375 142.53570556640625 146.5296478271484375 149.089324951171875 150.47308349609375 148.7530059814453125 138.8527679443359375 136.483917236328125 135.7513275146484375 132.1259765625 125.33592987060546875 129.213531494140625 128.457427978515625 122.0664215087890625 126.7458953857421875 131.3404693603515625 134.8970184326171875 128.6494293212890625 130.2341766357421875 131.8354339599609375 134.024627685546875 138.6201934814453125 135.771697998046875 132.3748779296875 132.5294647216796875 132.3921051025390625 132.6346282958984375 128.3987274169921875 131.2091064453125 124.18555450439453125
144.819610595703125 142.7408905029296875 140.214508056640625 135.4355010986328125 138.54718017578125 144.1426239013671875 143.20318603515625 144.253326416015625 145.5137939453125 142.96978759765625 140.465911865234375 138.7937469482421875 144.72125244140625 146.7086334228515625 149.7988433837890625 150.074554443359375 147.24566650390625 140.8621368408203125 139.5101318359375 134.6382904052734375 132.9437408447265625 126.82830810546875 118.319183349609375 124.47954559326171875 121.7619476318359375 123.943328857421875 126.31867218017578125 131.5678253173828125 123.7381439208984375 129.5572052001953125 131.7647857666015625 135.011016845703125 136.294219970703125 133.255523681640625 129.33233642578125 128.281982421875 129.984405517578125 133.387420654296875 132.8572845458984375 136.180694580078125 131.142791748046875
144.769012451171875 141.831512451171875 141.0368499755859375 141.836181640625 142.4392242431640625 144.832733154296875 147.1826324462890625 145.473175048828125 145.806976318359375 142.199432373046875 138.3694915771484375 139.9136810302734375 143.712738037109375 147.0950469970703125 150.0513916015625 149.19818115234375 144.575164794921875 140.4927825927734375 140.223297119140625 140.5179290771484375 136.8453826904296875 128.183258056640625 118.9582366943359375 118.12470245361328125 118.42116546630859375 118.359619140625 121.53350067138671875 124.46728515625 118.7457427978515625 126.3165435791015625 131.7802734375 136.786865234375 128.713287353515625 128.22735595703125 125.14670562744140625 125.4153594970703125 125.5112762451171875 132.6055908203125 135.1021728515625 133.859771728515625 131.466156005859375
147.3505401611328125 146.9756317138671875 145.0967864990234375 143.0360870361328125 141.7176361083984375 146.2340545654296875 146.5020751953125 145.32110595703125 147.615570068359375 140.940093994140625 137.0431365966796875 137.76104736328125 142.382843017578125 146.845184326171875 150.2643890380859375 148.002227783203125 144.578826904296875 139.4874267578125 133.50396728515625 136.102630615234375 135.6733551025390625 133.0200042724609375 125.40514373779296875 121.68236541748046875 116.8679046630859375 116.943878173828125 119.94632720947265625 116.58916473388671875 124.7794952392578125 131.738800048828125 134.650543212890625 134.7331085205078125 129.150146484375 127.60460662841796875 125.20532989501953125 119.9186248779296875 126.93579864501953125 128.6558990478515625 134.1108245849609375 135.582427978515625 130.826751708984375
144.9423675537109375 145.1660919189453125 141.011016845703125 139.612396240234375 140.4163818359375 143.4867706298828125 143.565338134765625 138.91351318359375 138.1403656005859375 140.3939056396484375 133.7218780517578125 138.12469482421875 140.414703369140625 144.0788116455078125 148.683837890625 144.890350341796875 135.313690185546875 134.1555023193359375 131.9530487060546875 127.73200225830078125 129.525543212890625 130.104644775390625 129.7600860595703125 124.13300323486328125 117.30297088623046875 112.33038330078125 120.2118682861328125 115.8889312744140625 123.71910858154296875 130.870147705078125 129.8176727294921875 130.6573486328125 132.27923583984375 125.15027618408203125 119.66835784912109375 119.22859954833984375 123.5521087646484375 126.072296142578125 130.6278533935546875 134.06903076171875 134.460906982421875
142.8387298583984375 139.448974609375 139.596221923828125 143.1823883056640625 144.6544342041015625 145.0296173095703125 141.8431243896484375 138.1470184326171875 135.448486328125 137.3194427490234375 131.9580230712890625 134.0965118408203125 137.4271087646484375 142.309844970703125 147.50701904296875 146.422027587890625 137.6481170654296875 131.4376220703125 127.72335052490234375 124.19525909423828125 122.76204681396484375 123.8143768310546875 122.858489990234375 122.871002197265625 115.56298828125 116.1264190673828125 113.62053680419921875 116.14459991455078125 121.5535888671875 126.6961212158203125 122.8125 128.7210540771484375 127.51000213623046875 124.2095947265625 115.4228363037109375 119.7691497802734375 122.7124786376953125 121.77400970458984375 129.7628173828125 131.721527099609375 129.442169189453125
135.9782867431640625 140.0059661865234375 145.4114532470703125 146.1351470947265625 141.821868896484375 145.7898406982421875 145.871795654296875 139.2920989990234375 136.9586334228515625 131.56591796875 130.8667755126953125 139.10540771484375 143.3262786865234375 145.986541748046875 143.9623870849609375 145.2947845458984375 137.9423675537109375 137.8807220458984375 135.5966339111328125 128.4949798583984375 128.1593475341796875 118.91530609130859375 117.05368804931640625 113.13091278076171875 116.7719268798828125 118.34220123291015625 116.6427154541015625 122.94315338134765625 126.95915985107421875 123.3349761962890625 120.4125518798828125 128.987548828125 127.49432373046875 117.25910186767578125 111.417144775390625 119.75196075439453125 118.24394989013671875 126.56604766845703125 130.1524810791015625 131.98785400390625 131.5508880615234375
133.455596923828125 137.4694366455078125 141.840423583984375 144.9727783203125 138.8550262451171875 139.2248382568359375 144.18389892578125 142.2168121337890625 137.2503814697265625 134.199005126953125 129.7374267578125 139.5796356201171875 141.339935302734375 144.0247650146484375 141.063446044921875 142.558197021484375 143.5787200927734375 141.0207061767578125 134.5648956298828125 136.8648681640625 133.8953094482421875 127.48552703857421875 123.69525909423828125 122.83521270751953125 122.2890625 106.61865997314453125 110.91509246826171875 117.45743560791015625 123.02703857421875 112.6751251220703125 123.31292724609375 128.207733154296875 123.28896331787109375 118.41252899169921875 108.58048248291015625 114.32921600341796875 117.07776641845703125 125.58856201171875 126.20964813232421875 128.5404510498046875 130.6545562744140625
138.067840576171875 139.3184814453125 138.9663238525390625 141.786529541015625 136.5045928955078125 135.432952880859375 139.6609344482421875 140.8456268310546875 139.1534423828125 133.9972381591796875 129.832794189453125 136.8690338134765625 137.66973876953125 141.9442291259765625 137.695281982421875 141.6592559814453125 143.12579345703125 141.4363861083984375 139.601104736328125 138.83294677734375 131.965789794921875 129.949676513671875 129.466888427734375 125.14990997314453125 124.986968994140625 109.61126708984375 104.769134521484375 113.78759765625 115.99002838134765625 114.11855316162109375 122.061187744140625 126.81388092041015625 116.59369659423828125 112.0944976806640625 107.45223236083984375 107.74924468994140625 113.25841522216796875 119.57256317138671875 124.9436187744140625 129.523223876953125 127.40164947509765625
136.625579833984375 141.1771240234375 139.219573974609375 137.2688140869140625 131.53375244140625 134.7685546875 139.51422119140625 139.863922119140625 132.6977081298828125 129.5576629638671875 127.955780029296875 132.5114898681640625 137.0962677001953125 137.92633056640625 133.7947998046875 139.78143310546875 139.89727783203125 139.2746429443359375 137.445220947265625 135.7610931396484375 134.9054718017578125 133.8990478515625 127.3390960693359375 123.07080841064453125 122.18209075927734375 115.3932037353515625 105.2664794921875 104.52028656005859375 104.456024169921875 116.51253509521484375 119.0431060791015625 121.34374237060546875 121.24771881103515625 109.9731903076171875 104.58527374267578125 111.676849365234375 121.35882568359375 125.417083740234375 122.9469146728515625 122.4175567626953125 125.32861328125
137.7052764892578125 138.48944091796875 137.01702880859375 131.8278045654296875 129.9637908935546875 131.13037109375 137.4169158935546875 141.510955810546875 137.4121246337890625 132.162261962890625 126.00652313232421875 131.841522216796875 134.9795989990234375 131.0697784423828125 136.587493896484375 137.962738037109375 136.352294921875 138.3295440673828125 136.2079925537109375 131.7761688232421875 129.2697296142578125 127.78778076171875 129.0671539306640625 127.6107025146484375 119.81418609619140625 113.74155426025390625 117.748260498046875 108.3528594970703125 100.61106109619140625 108.3884429931640625 109.4223785400390625 120.05718231201171875 119.61084747314453125 110.03106689453125 101.50464630126953125 113.6255645751953125 122.43790435791015625 124.0784149169921875 118.1233673095703125 119.03775787353515625 123.79196929931640625
135.3569793701171875 132.958251953125 130.896331787109375 127.51589202880859375 130.2947540283203125 136.343597412109375 140.5296173095703125 140.0687255859375 139.4466400146484375 134.7523345947265625 124.4537353515625 125.91228485107421875 132.1544342041015625 131.604766845703125 136.873016357421875 137.024993896484375 131.634246826171875 134.167449951171875 137.42596435546875 129.79803466796875 126.6430206298828125 130.363616943359375 129.3555450439453125 132.2753448486328125 123.812408447265625 123.18325042724609375 125.8988037109375 118.9091949462890625 103.80687713623046875 99.718475341796875 110.906341552734375 117.6788787841796875 116.2830352783203125 109.38489532470703125 102.84662628173828125 113.71944427490234375 122.561798095703125 119.1354217529296875 111.79550933837890625 120.5297393798828125 123.593505859375
127.29912567138671875 132.8472747802734375 128.4203948974609375 122.55071258544921875 127.422332763671875 136.5879364013671875 142.52301025390625 139.8766021728515625 134.9407196044921875 132.1181793212890625 126.4663848876953125 122.92510223388671875 129.3105926513671875 130.227630615234375 131.1698455810546875 133.2903594970703125 130.033905029296875 130.0469818115234375 125.18727874755859375 132.816192626953125 124.46703338623046875 129.4304656982421875 131.930267333984375 132.972747802734375 127.8425445556640625 122.4573516845703125 115.5531463623046875 112.9672698974609375 105.35021209716796875 97.9329681396484375 97.32349395751953125 107.52378082275390625 114.28981781005859375 105.815826416015625 100.2124176025390625 112.53357696533203125 120.5594482421875 113.1890869140625 112.395050048828125 115.42708587646484375 120.96437835693359375
129.2765655517578125 132.6677703857421875 128.581573486328125 124.4348907470703125 131.063446044921875 136.8395843505859375 140.7786712646484375 135.5684814453125 137.477630615234375 131.9243011474609375 129.1021575927734375 122.57049560546875 122.78289031982421875 125.7935028076171875 127.5803070068359375 128.554962158203125 124.5841827392578125 127.27362823486328125 128.898040771484375 125.62639617919921875 120.95934295654296875 123.25829315185546875 127.98596954345703125 132.45751953125 129.881805419921875 128.65283203125 121.98822021484375 116.780487060546875 111.44420623779296875 100.45676422119140625 96.05218505859375 107.01239013671875 110.7132110595703125 103.5073394775390625 101.46331787109375 107.6825408935546875 117.486846923828125 109.15261077880859375 108.21312713623046875 115.15523529052734375 119.58121490478515625
129.928314208984375 128.8482208251953125 122.42067718505859375 124.72303009033203125 128.2185211181640625 134.8922119140625 138.62518310546875 132.10467529296875 133.5110015869140625 137.3394927978515625 135.3453369140625 129.29864501953125 122.208404541015625 122.3736114501953125 119.10634613037109375 124.156707763671875 121.410888671875 128.73223876953125 128.6800384521484375 122.538299560546875 117.78530120849609375 121.28279876708984375 128.55419921875 133.103790283203125 131.0232391357421875 125.82982635498046875 116.78142547607421875 113.44165802001953125 104.2406768798828125 101.4212493896484375 95.776458740234375 97.8900299072265625 110.545562744140625 104.446624755859375 96.77901458740234375 109.0745086669921875 111.58353424072265625 101.41104888916015625 111.9782562255859375 117.119293212890625 117.3945465087890625
