trunk/raster/r.viewshed/testsuite/data/elevation.ascii
north: 216990
south: 215520
east: 635950
west: 633730
rows: 147
cols: 222
[rows 72 to 89 of 147, columns 126 to 167 of 222]
85.8211210000000051 85.821312000000006 85.8333970000000051 85.8472440000000034 85.8900150000000053 85.9382630000000063 85.8637389999999954 85.8331529999999958 85.8326720000000023 85.8257059999999967 85.8049319999999938 85.8012080000000026 85.8022540000000049 85.8022459999999967 85.8022459999999967 85.8022459999999967 85.8022459999999967 85.8022459999999967 85.8022459999999967 85.8022459999999967 85.8022459999999967 85.8022459999999967 85.8022459999999967 85.8022459999999967 85.8022459999999967 85.8022459999999967 85.8022459999999967 85.8022459999999967 85.8022459999999967 85.8022459999999967 85.8022459999999967 85.8022459999999967 85.8022459999999967 85.8022459999999967 85.8022459999999967 85.8022459999999967 85.8022459999999967 85.8022459999999967 85.8022459999999967 85.8021320000000003 85.7912290000000013 85.7872540000000043
85.8334880000000027 85.8318019999999962 85.8268360000000001 85.8212589999999977 85.8191680000000048 85.8317339999999973 85.8326870000000071 85.8327100000000058 85.8316269999999975 85.8139879999999948 85.8014299999999963 85.8020860000000027 85.8022459999999967 85.8022459999999967 85.8022459999999967 85.8022459999999967 85.8022459999999967 85.8022459999999967 85.8022459999999967 85.8022459999999967 85.8022459999999967 85.8022459999999967 85.8022459999999967 85.8022459999999967 85.8022459999999967 85.8022459999999967 85.8022459999999967 85.8022459999999967 85.8022459999999967 85.8022459999999967 85.8022459999999967 85.8022459999999967 85.8022459999999967 85.8022459999999967 85.8022459999999967 85.8022459999999967 85.8021090000000015 85.8030009999999947 85.8034130000000062 85.8021549999999991 85.8030399999999958 85.7994460000000032
85.8327259999999939 85.8327259999999939 85.8327259999999939 85.8328020000000009 85.8311230000000052 85.8271029999999939 85.8311159999999944 85.8326490000000035 85.8320920000000029 85.810149999999993 85.7997359999999958 85.802306999999999 85.8022459999999967 85.8022459999999967 85.8022459999999967 85.8022459999999967 85.8022459999999967 85.8022459999999967 85.8022459999999967 85.8022459999999967 85.8022459999999967 85.8022459999999967 85.8022459999999967 85.8022459999999967 85.8022459999999967 85.8022459999999967 85.8022459999999967 85.8022459999999967 85.8022459999999967 85.8022459999999967 85.8022459999999967 85.8022459999999967 85.8022459999999967 85.8022459999999967 85.802338000000006 85.8036799999999999 85.804893000000007 85.8014679999999998 85.8000339999999966 85.8044510000000002 85.8044969999999978 85.802306999999999
85.8327259999999939 85.8327259999999939 85.8327259999999939 85.8327259999999939 85.8327259999999939 85.8327259999999939 85.8327259999999939 85.832886000000002 85.8292919999999953 85.809394999999995 85.8005449999999996 85.8022459999999967 85.8022459999999967 85.8022459999999967 85.8022459999999967 85.8022459999999967 85.8022459999999967 85.8022459999999967 85.8022459999999967 85.8022459999999967 85.8022459999999967 85.8022459999999967 85.8022459999999967 85.8022459999999967 85.8022459999999967 85.8022459999999967 85.8022459999999967 85.8022459999999967 85.8022459999999967 85.8022459999999967 85.8022459999999967 85.8022459999999967 85.8021320000000003 85.8029480000000007 85.8039399999999972 85.7988509999999991 85.797302000000002 85.7890699999999953 85.7844240000000013 85.7978360000000038 85.7970959999999963 85.7915650000000056
85.8327259999999939 85.8327259999999939 85.8327259999999939 85.8327259999999939 85.8327259999999939 85.8327259999999939 85.8326339999999988 85.8342059999999947 85.8201140000000038 85.8015369999999962 85.8019100000000066 85.8022459999999967 85.8022459999999967 85.8022459999999967 85.8022459999999967 85.8022459999999967 85.8022459999999967 85.8022459999999967 85.8022459999999967 85.8022459999999967 85.8022459999999967 85.8022459999999967 85.8022459999999967 85.8022459999999967 85.8022459999999967 85.8022459999999967 85.8022459999999967 85.8022459999999967 85.8022459999999967 85.8022459999999967 85.8021849999999944 85.8025279999999952 85.8042140000000018 85.8016130000000032 85.7954409999999967 85.782630999999995 85.7772060000000067 85.7743150000000014 85.7718660000000028 85.7786640000000062 85.7780079999999998 85.775574000000006
85.8327259999999939 85.8327259999999939 85.8327259999999939 85.8327259999999939 85.8327259999999939 85.8327259999999939 85.8329700000000031 85.8327560000000034 85.8112720000000024 85.7997510000000005 85.8023759999999953 85.8022459999999967 85.8022459999999967 85.8022459999999967 85.8022459999999967 85.8022459999999967 85.8022459999999967 85.8022459999999967 85.8022459999999967 85.8022459999999967 85.8022459999999967 85.8022459999999967 85.8022459999999967 85.8022459999999967 85.8022459999999967 85.8022459999999967 85.8022459999999967 85.8022459999999967 85.8022160000000014 85.8031849999999991 85.8042679999999933 85.8028869999999984 85.799469000000002 85.7891309999999976 85.7767029999999977 85.7713700000000046 85.7691039999999987 85.770545999999996 85.7711489999999941 85.7694850000000031 85.7696300000000065 85.7702409999999986
85.8327259999999939 85.8327259999999939 85.8327259999999939 85.8327259999999939 85.8327259999999939 85.8327259999999939 85.8343660000000028 85.8242189999999994 85.8039399999999972 85.8018040000000042 85.8022459999999967 85.8022459999999967 85.8022459999999967 85.8022459999999967 85.8022459999999967 85.8022459999999967 85.8022459999999967 85.8022459999999967 85.8022459999999967 85.8022459999999967 85.8022459999999967 85.8022459999999967 85.8022459999999967 85.8022459999999967 85.8022459999999967 85.8022459999999967 85.8021549999999991 85.8026200000000046 85.8037949999999938 85.8003230000000059 85.7974470000000053 85.7942350000000005 85.7814029999999974 85.7738339999999937 85.7694170000000042 85.7712860000000035 85.7718729999999994 85.771759000000003 85.771759000000003 85.771759000000003 85.771759000000003 85.771759000000003
85.8327259999999939 85.8327259999999939 85.8327259999999939 85.8327259999999939 85.8327259999999939 85.8326720000000023 85.8355260000000015 85.8196030000000007 85.8003230000000059 85.8023910000000001 85.8022459999999967 85.8022459999999967 85.8022459999999967 85.8022459999999967 85.8022459999999967 85.8022459999999967 85.8022459999999967 85.8022459999999967 85.8022459999999967 85.8022459999999967 85.8022459999999967 85.8022459999999967 85.8022459999999967 85.8022459999999967 85.8022310000000061 85.8023910000000001 85.8036270000000059 85.8023299999999978 85.7984469999999959 85.7862240000000043 85.7775960000000026 85.7770610000000033 85.7700650000000024 85.7705919999999935 85.7718430000000041 85.771759000000003 85.771759000000003 85.771759000000003 85.771759000000003 85.771759000000003 85.771759000000003 85.771759000000003
85.8327259999999939 85.8327259999999939 85.8327259999999939 85.8327259999999939 85.8327259999999939 85.8328929999999986 85.8339840000000009 85.8194809999999961 85.8013229999999965 85.8022459999999967 85.8022459999999967 85.8022459999999967 85.8022459999999967 85.8022459999999967 85.8022459999999967 85.8022459999999967 85.8022459999999967 85.8022459999999967 85.8022459999999967 85.8022459999999967 85.8022459999999967 85.8022459999999967 85.8021849999999944 85.8027110000000022 85.8035959999999989 85.802825999999996 85.8005600000000044 85.7926099999999963 85.7802120000000059 85.7724149999999952 85.768889999999999 85.7699360000000013 85.7715610000000055 85.771766999999997 85.771759000000003 85.771759000000003 85.771759000000003 85.771759000000003 85.771759000000003 85.771759000000003 85.771759000000003 85.771759000000003
85.8327259999999939 85.8327259999999939 85.8327259999999939 85.8327259999999939 85.8327259999999939 85.8339840000000009 85.8281479999999988 85.8079610000000059 85.8020250000000004 85.8022459999999967 85.8022459999999967 85.8022459999999967 85.8022459999999967 85.8022459999999967 85.8022459999999967 85.8022459999999967 85.8022459999999967 85.8022459999999967 85.8022459999999967 85.8022459999999967 85.8022459999999967 85.8021849999999944 85.8027500000000032 85.8015369999999962 85.7980579999999975 85.7964709999999968 85.7840350000000029 85.7754209999999944 85.7696689999999933 85.7710340000000002 85.7719040000000064 85.771759000000003 85.771759000000003 85.771759000000003 85.771759000000003 85.771759000000003 85.771759000000003 85.771759000000003 85.771759000000003 85.771759000000003 85.771759000000003 85.771759000000003
85.8327259999999939 85.8327259999999939 85.8327259999999939 85.8327259999999939 85.8327100000000058 85.834937999999994 85.8235860000000059 85.802825999999996 85.802299000000005 85.8022459999999967 85.8022459999999967 85.8022459999999967 85.8022459999999967 85.8022459999999967 85.8022459999999967 85.8022459999999967 85.8022459999999967 85.8022459999999967 85.8022459999999967 85.8022459999999967 85.8022459999999967 85.8024369999999976 85.8026729999999986 85.7905120000000068 85.7787699999999944 85.7793199999999985 85.770545999999996 85.770103000000006 85.7717059999999947 85.771759000000003 85.771759000000003 85.771759000000003 85.771759000000003 85.771759000000003 85.771759000000003 85.771759000000003 85.771759000000003 85.771759000000003 85.771759000000003 85.771759000000003 85.771759000000003 85.771759000000003
85.8327259999999939 85.8327259999999939 85.8327259999999939 85.8327259999999939 85.8327940000000069 85.8339610000000022 85.823830000000001 85.8039250000000067 85.8022459999999967 85.8022459999999967 85.8022459999999967 85.8022459999999967 85.8022459999999967 85.8022459999999967 85.8022459999999967 85.8022459999999967 85.8022459999999967 85.8022459999999967 85.8022459999999967 85.8022459999999967 85.8022229999999979 85.8037489999999963 85.7977829999999955 85.774162000000004 85.7692490000000021 85.7697979999999944 85.7714840000000009 85.7718050000000005 85.771759000000003 85.771759000000003 85.771759000000003 85.771759000000003 85.771759000000003 85.771759000000003 85.771759000000003 85.771759000000003 85.771759000000003 85.771759000000003 85.771759000000003 85.771759000000003 85.771759000000003 85.771759000000003
85.8327259999999939 85.8327259999999939 85.8327259999999939 85.8327259999999939 85.8333049999999957 85.8306960000000032 85.8121409999999969 85.8025439999999975 85.8022459999999967 85.8022459999999967 85.8022459999999967 85.8022459999999967 85.8022459999999967 85.8022459999999967 85.8022459999999967 85.8022459999999967 85.8022459999999967 85.8022459999999967 85.8022459999999967 85.8022380000000027 85.8023910000000001 85.8045500000000061 85.7899170000000026 85.7714079999999939 85.7718430000000041 85.771759000000003 85.771759000000003 85.771759000000003 85.771759000000003 85.771759000000003 85.771759000000003 85.771759000000003 85.771759000000003 85.771759000000003 85.771759000000003 85.771759000000003 85.771759000000003 85.771759000000003 85.771759000000003 85.771759000000003 85.771759000000003 85.7717289999999934
85.8327259999999939 85.8327259999999939 85.8327259999999939 85.8327330000000046 85.8334499999999991 85.8255159999999933 85.8047260000000023 85.8019330000000053 85.8022459999999967 85.8022459999999967 85.8022459999999967 85.8022459999999967 85.8022459999999967 85.8022459999999967 85.8022459999999967 85.8022459999999967 85.8022459999999967 85.8022459999999967 85.8022459999999967 85.8022919999999942 85.8030470000000065 85.7985460000000018 85.7798389999999955 85.7718959999999981 85.771759000000003 85.771759000000003 85.771759000000003 85.771759000000003 85.771759000000003 85.771759000000003 85.771759000000003 85.771759000000003 85.771759000000003 85.771759000000003 85.771759000000003 85.771759000000003 85.771759000000003 85.771759000000003 85.771759000000003 85.771759000000003 85.7717439999999982 85.7719500000000039
85.8327259999999939 85.8327259999999939 85.8327259999999939 85.8327869999999962 85.8312909999999931 85.8155749999999955 85.8026430000000033 85.8021700000000038 85.8022459999999967 85.8022459999999967 85.8022459999999967 85.8022459999999967 85.8022459999999967 85.8022459999999967 85.8022459999999967 85.8022459999999967 85.8022459999999967 85.8022459999999967 85.8022459999999967 85.8025439999999975 85.8000409999999931 85.7816159999999996 85.7707750000000004 85.7717209999999994 85.771759000000003 85.771759000000003 85.771759000000003 85.771759000000003 85.771759000000003 85.771759000000003 85.771759000000003 85.771759000000003 85.771759000000003 85.771759000000003 85.771759000000003 85.771759000000003 85.771759000000003 85.771759000000003 85.771759000000003 85.771759000000003 85.7718430000000041 85.7727890000000031
85.8334880000000027 85.8326639999999941 85.8327259999999939 85.8328400000000045 85.8287810000000064 85.806800999999993 85.8010179999999991 85.8022540000000049 85.8022459999999967 85.8022459999999967 85.8022459999999967 85.8022459999999967 85.8022459999999967 85.8022459999999967 85.8022459999999967 85.8022459999999967 85.8022459999999967 85.8022459999999967 85.8022540000000049 85.8004760000000033 85.7855069999999955 85.7704470000000043 85.7714840000000009 85.771759000000003 85.771759000000003 85.771759000000003 85.771759000000003 85.771759000000003 85.771759000000003 85.771759000000003 85.771759000000003 85.771759000000003 85.771759000000003 85.771759000000003 85.771759000000003 85.771759000000003 85.771759000000003 85.771759000000003 85.771759000000003 85.771766999999997 85.7722169999999977 85.7690809999999999
85.8248439999999988 85.8336869999999976 85.8327790000000022 85.8328170000000057 85.8293840000000046 85.8083649999999949 85.801085999999998 85.8022459999999967 85.8022459999999967 85.8022459999999967 85.8022459999999967 85.8022459999999967 85.8022459999999967 85.8022459999999967 85.8022459999999967 85.8022459999999967 85.8022459999999967 85.8022380000000027 85.8024369999999976 85.7899550000000062 85.7707139999999981 85.7711489999999941 85.7717820000000017 85.771759000000003 85.771759000000003 85.771759000000003 85.771759000000003 85.771759000000003 85.771759000000003 85.771759000000003 85.771759000000003 85.771759000000003 85.771759000000003 85.771759000000003 85.771759000000003 85.771759000000003 85.771759000000003 85.771759000000003 85.7717439999999982 85.7718809999999934 85.7699130000000025 85.753272999999993
85.7264710000000036 85.8353419999999971 85.8315809999999999 85.8329319999999996 85.8293840000000046 85.8083649999999949 85.8010790000000014 85.8022459999999967 85.8022459999999967 85.8022459999999967 85.8022459999999967 85.8022459999999967 85.8022459999999967 85.8022459999999967 85.8022459999999967 85.8022459999999967 85.8022380000000027 85.8023220000000038 85.8022229999999979 85.781257999999994 85.7693940000000055 85.7718050000000005 85.771759000000003 85.771759000000003 85.771759000000003 85.771759000000003 85.771759000000003 85.771759000000003 85.771759000000003 85.771759000000003 85.771759000000003 85.771759000000003 85.771759000000003 85.771759000000003 85.771759000000003 85.7717509999999947 85.7717899999999958 85.7719799999999992 85.7720790000000051 85.7709430000000026 85.7574840000000052 85.7397689999999955
