trunk/raster/r.viewshed/testsuite/data/elevation.ascii
north: 216990
south: 215520
east: 635950
west: 633730
rows: 147
cols: 222
[rows 0 to 17 of 147, columns 168 to 209 of 222]
110.6649170000000026 111.1362919999999974 111.7776949999999943 112.2945629999999966 112.6019670000000019 112.970123000000001 113.4608609999999942 113.9214020000000005 114.2313769999999948 114.3821559999999948 114.4796070000000014 114.5495990000000006 114.5396499999999946 114.5162890000000004 114.214691000000002 113.524360999999999 112.6714249999999993 111.8754200000000054 111.3320539999999994 111.4245609999999971 111.8159559999999999 112.2903979999999962 111.9351199999999977 110.5507199999999983 110.2499389999999977 111.1726680000000016 112.3814390000000003 113.5463029999999947 114.3576350000000019 115.0843430000000041 115.8255769999999956 116.1901859999999971 116.1779400000000066 115.9818190000000016 115.5429079999999971 115.0178829999999977 114.3795549999999963 113.5097430000000003 112.5391390000000058 111.4704820000000041 110.5842360000000042 109.8993229999999954
110.516998000000001 110.9639739999999932 111.5122070000000036 111.9835360000000009 112.4995499999999993 113.0575939999999946 113.5117419999999981 113.8246230000000025 114.0654449999999969 114.2256770000000046 114.150550999999993 113.9856800000000021 113.9378970000000066 113.8922649999999948 113.5947340000000025 112.8975980000000021 112.0854640000000018 111.2173609999999968 110.5182649999999995 110.5962679999999949 111.1609949999999998 111.5587539999999933 110.7594380000000029 109.5853039999999936 109.7974549999999994 110.9060360000000003 112.2660829999999947 113.4635700000000043 114.226585 114.891814999999994 115.5519709999999947 115.9642410000000012 115.9011079999999936 115.5486980000000017 114.987922999999995 114.3739170000000058 113.6806179999999955 112.8734280000000041 111.8786010000000033 110.8400500000000051 110.1328809999999976 109.5116119999999995
110.3164670000000029 110.9969410000000067 111.4812550000000044 112.0139850000000052 112.691794999999999 113.1412349999999947 113.436126999999999 113.7117080000000016 113.9212720000000019 113.9707789999999932 113.5973589999999973 113.2387920000000037 113.2504119999999972 113.1984250000000003 112.8601460000000003 112.1264270000000067 111.3324580000000026 110.4968800000000044 109.8139110000000045 109.8896330000000034 110.4984050000000053 110.784790000000001 109.7298049999999989 108.7784809999999993 109.3157350000000037 110.7109219999999965 112.1767499999999984 113.3334660000000014 114.1637649999999979 114.797118999999995 115.2794650000000019 115.6317599999999999 115.5341640000000041 115.0098880000000037 114.3856119999999947 113.689826999999994 112.9715419999999995 112.1635670000000005 111.0136799999999937 109.7561720000000065 109.2124019999999973 108.8991010000000017
110.2569119999999998 111.0547329999999988 111.6243740000000031 112.303520000000006 112.8488849999999957 113.0847629999999953 113.3736719999999991 113.583564999999993 113.5376969999999943 113.4138109999999955 113.0175629999999956 112.60154 112.4903639999999996 112.4246519999999947 112.1214449999999943 111.342528999999999 110.4199749999999938 109.6327210000000036 109.1019440000000031 109.2166600000000045 109.8864970000000056 110.0970690000000047 108.9362110000000001 108.1796190000000024 109.0434649999999976 110.7419129999999967 112.1349110000000024 113.2350009999999969 114.0877299999999934 114.6936649999999958 115.072661999999994 115.2017900000000026 114.8789979999999957 114.2642359999999968 113.5955809999999957 112.8189160000000015 112.0401690000000059 111.1157989999999955 109.8321909999999946 108.1137540000000001 107.323646999999994 107.9171070000000014
110.6005710000000022 111.2133029999999962 111.9162450000000035 112.5741419999999948 112.8665309999999948 113.0687259999999981 113.3142849999999981 113.2814560000000057 113.0731119999999947 112.8401719999999955 112.4691930000000042 112.0321579999999955 111.7107469999999978 111.6115800000000036 111.4453890000000058 110.6550900000000013 109.6033400000000029 108.7015150000000006 108.2998809999999992 108.5865710000000064 109.1868060000000042 109.0385210000000029 107.9368970000000019 107.7967830000000049 109.1361540000000048 110.8273319999999984 112.0993729999999999 113.1141659999999973 113.8412780000000026 114.4111019999999996 114.7605060000000066 114.7449569999999994 114.2454299999999989 113.5421910000000025 112.7485049999999944 111.8665309999999948 110.936546000000007 109.8106609999999961 108.3932800000000043 106.4494320000000016 105.4122239999999948 106.771759000000003
110.948127999999997 111.4486239999999952 112.1104129999999941 112.6776890000000009 112.9215549999999979 113.0879589999999979 113.0663069999999948 112.8901749999999993 112.7652970000000039 112.4064410000000009 111.8982699999999966 111.468781000000007 110.9734270000000009 110.7409360000000049 110.6808010000000024 110.0114059999999938 108.984382999999994 107.9013750000000016 107.4867629999999963 107.765900000000002 107.9266199999999998 107.4112630000000053 106.9231029999999976 107.6933439999999962 109.2517399999999981 110.7282260000000065 111.9893490000000043 112.9415359999999993 113.5516970000000043 114.0756530000000026 114.3979190000000017 114.2606049999999982 113.6424410000000051 112.7855909999999966 111.8909069999999986 110.8435970000000026 109.643921000000006 108.2066879999999998 106.8194809999999961 105.3507610000000057 104.5330890000000039 105.7898100000000028
111.1247180000000014 111.5484390000000019 112.1116260000000011 112.7232060000000047 113.001380999999995 112.9607699999999966 112.7437440000000066 112.5350420000000042 112.2778320000000036 111.8434450000000027 111.3830030000000022 110.9820940000000036 110.3504790000000071 109.8261569999999949 109.6553880000000021 109.2485960000000063 108.4150850000000048 107.4299550000000067 106.9030230000000046 106.8315889999999939 106.5903399999999976 106.070258999999993 106.2989879999999943 107.6168210000000016 109.0691680000000048 110.446044999999998 111.751189999999994 112.7536699999999996 113.396324000000007 113.8783650000000023 114.1644900000000007 113.8540569999999974 113.0273509999999959 112.0458220000000011 110.7944870000000037 109.2601169999999939 107.936278999999999 106.5317000000000007 105.5356519999999989 104.682343000000003 104.2536089999999973 105.0855710000000016
111.1582640000000026 111.5663530000000065 112.1508939999999939 112.7929149999999936 112.9690630000000056 112.7644499999999965 112.5076449999999966 112.0837169999999929 111.5840299999999985 111.1869509999999934 110.7894969999999972 110.3684839999999951 109.7533719999999988 108.9402919999999995 108.4404219999999981 108.137244999999993 107.5656589999999966 106.8771210000000025 106.3547439999999966 106.0873179999999962 105.8103179999999952 105.4942400000000049 106.0237429999999961 107.3476720000000029 108.736701999999994 110.1298139999999961 111.4540480000000002 112.5719069999999959 113.2836300000000023 113.7191930000000042 113.9356920000000031 113.5421520000000015 112.4835970000000032 111.2569349999999986 109.3616180000000071 107.5003430000000009 106.4052429999999987 105.3936309999999992 104.6828540000000061 103.8542860000000019 103.7960659999999962 104.5309680000000014
111.2350689999999958 111.683684999999997 112.2144849999999963 112.7839280000000031 112.8859939999999966 112.6672740000000061 112.2837219999999974 111.6575160000000011 110.988617000000005 110.4195399999999978 109.8635029999999944 109.4345090000000056 109.0082780000000042 108.1963269999999966 107.3926539999999932 106.8270030000000048 106.2538600000000031 105.6515959999999978 105.318634000000003 105.1930389999999989 105.0626830000000069 105.124724999999998 105.813873000000001 107.0401459999999929 108.4737630000000053 109.8928599999999989 111.2441790000000026 112.4111400000000032 113.1270980000000037 113.5431820000000016 113.6746059999999972 113.1984410000000025 112.0165180000000049 110.449584999999999 108.380195999999998 106.7828290000000067 105.850127999999998 104.8762360000000058 104.0181809999999984 103.0308840000000004 103.1568829999999934 103.9028629999999964
111.4750669999999957 111.823639 112.178520000000006 112.6748050000000063 112.8095550000000031 112.4955290000000048 112.0783839999999998 111.5036620000000056 110.569580000000002 109.6556089999999983 108.8898319999999984 108.3260649999999998 107.9801410000000033 107.3998030000000057 106.5334849999999989 105.6410139999999984 104.8186259999999947 104.2286380000000037 104.0945660000000004 104.0792009999999976 104.0724720000000048 104.6530529999999999 105.6219789999999961 106.9193800000000039 108.4031679999999938 109.8597720000000066 111.1791230000000041 112.3021159999999981 113.0341339999999946 113.3891069999999957 113.4786380000000037 112.8463899999999995 111.5313419999999951 109.9915850000000006 108.2359009999999984 106.6905210000000039 105.5989529999999945 104.4587860000000035 103.4914019999999937 102.5661390000000068 102.3857880000000051 102.9607539999999943
111.5838999999999999 111.8627319999999941 112.1263660000000044 112.5630419999999958 112.6859740000000016 112.2495040000000017 111.9518199999999979 111.5719299999999947 110.6018830000000008 109.5464549999999946 108.5156779999999941 107.4821319999999929 106.7605360000000019 106.1242139999999949 105.3019709999999947 104.4779889999999938 103.8062900000000042 103.3023680000000013 103.1288530000000065 103.1483309999999989 103.4080510000000004 104.4213259999999934 105.670417999999998 107.0248339999999985 108.5150909999999982 109.9421839999999975 111.2070389999999946 112.3153839999999946 113.0128559999999993 113.180603000000005 113.083800999999994 112.4147719999999993 111.0651929999999936 109.752167 108.2017900000000026 106.5847090000000037 105.2331310000000002 103.9687880000000035 103.2302399999999949 102.3694760000000059 101.6378559999999993 102.1883389999999991
111.4392780000000016 111.7312160000000034 112.0200650000000024 112.4357530000000054 112.5737079999999963 112.1597289999999987 111.8790359999999993 111.589256000000006 110.852753000000007 109.8337479999999999 108.7198329999999942 107.3897089999999963 106.1155619999999971 105.0044479999999965 104.0903469999999942 103.4561839999999933 102.9042359999999974 102.4294969999999978 102.3208850000000041 102.5656510000000026 103.2960740000000044 104.5962829999999997 105.9304889999999943 107.1885379999999941 108.6303249999999991 110.0333250000000049 111.3491060000000061 112.4335329999999971 112.9320299999999975 112.8798220000000043 112.4743650000000059 111.8178410000000014 110.6718520000000012 109.3821640000000031 108.003296000000006 106.7480620000000044 105.3062209999999936 103.6844559999999973 103.0956950000000063 102.3460620000000034 101.3293840000000046 102.2404099999999971
111.220673000000005 111.5013890000000032 111.7710110000000014 112.2247540000000043 112.4791950000000043 112.0917510000000021 111.776732999999993 111.4788439999999952 110.9091339999999946 110.0204619999999949 109.0352630000000005 107.9077149999999961 106.4605329999999981 104.9697419999999966 103.9677049999999952 103.078368999999995 101.7658310000000057 101.4107889999999941 101.9279400000000066 102.5228579999999994 103.4183879999999931 104.8550639999999987 106.2052079999999989 107.4066470000000066 108.8348849999999999 110.2418519999999944 111.5349120000000056 112.5810620000000029 112.8199230000000028 112.549744000000004 112.0948939999999965 111.327415000000002 110.2015229999999946 108.9596559999999954 107.7964099999999945 106.7587199999999967 105.3162990000000008 103.229179000000002 102.4927059999999983 101.9631200000000035 101.1824260000000066 102.4233020000000067
110.9961930000000052 111.261841000000004 111.5307770000000005 111.9684369999999944 112.3174060000000054 111.9741209999999967 111.6990969999999948 111.4070049999999981 110.7958529999999939 110.106071 109.2903440000000046 108.3255390000000062 106.9514470000000017 105.5751340000000056 104.6747060000000005 103.5474849999999947 101.5898669999999981 100.9357909999999947 101.7586749999999967 102.5186389999999932 103.3644330000000053 104.9018630000000059 106.4325099999999935 107.7511369999999999 109.1395339999999976 110.513221999999999 111.705994000000004 112.5835340000000002 112.6030729999999949 112.2221069999999941 111.7833020000000062 110.9159999999999968 109.6824340000000007 108.5387649999999979 107.5151209999999935 106.2550580000000053 104.2360989999999958 101.8935469999999981 101.1547620000000052 100.9833830000000034 100.9207229999999953 102.123115999999996
110.7735980000000069 111.0458150000000046 111.3382799999999975 111.7390290000000022 112.1010359999999935 111.884949000000006 111.6227650000000011 111.2287450000000035 110.6172940000000011 110.017241999999996 109.3194730000000021 108.3576970000000017 107.093474999999998 106.0249479999999949 105.1964949999999988 104.0276719999999955 102.0957489999999979 100.8057790000000011 101.3254390000000029 102.0851059999999961 103.0227200000000067 104.7160640000000029 106.5611339999999956 108.0798110000000065 109.3654329999999959 110.6400220000000019 111.7768860000000046 112.3502579999999966 112.2425839999999937 111.8605500000000035 111.2851330000000019 110.3814540000000051 109.2371519999999947 108.0947189999999978 106.9914320000000032 105.2111660000000057 102.3578109999999981 100.4282149999999945 100.2945019999999943 100.6491469999999993 100.9756930000000068 101.7078249999999997
110.4598309999999941 110.8343809999999934 111.152434999999997 111.4909360000000049 111.8790439999999933 111.7188340000000011 111.4835659999999962 111.0876769999999993 110.5176770000000062 109.9099499999999949 109.1616520000000037 108.2281569999999959 107.1435170000000028 106.2493520000000018 105.3311000000000064 104.0591280000000012 102.2603450000000009 100.6221079999999972 100.6507260000000059 101.3556370000000015 102.4756930000000068 104.3825530000000015 106.5145109999999988 108.1875229999999988 109.4416429999999991 110.6038439999999952 111.6340330000000023 111.9890749999999997 111.770781999999997 111.3611369999999994 110.7095110000000062 109.7858279999999951 108.7811509999999942 107.5551150000000007 105.9553680000000071 103.7030259999999942 100.8144149999999968 99.7893600000000021 100.6357730000000004 101.309235000000001 101.538062999999994 101.8030779999999993
110.1112899999999968 110.5105819999999994 110.920685000000006 111.2831269999999932 111.689391999999998 111.572417999999999 111.3552470000000056 111.0112000000000023 110.4301150000000007 109.8024900000000059 109.0238190000000031 108.1310880000000054 107.1890259999999984 106.459075999999996 105.5247650000000021 104.2270970000000005 102.4685290000000037 100.6201480000000004 100.0161209999999983 100.5472720000000066 101.8412859999999966 103.9545140000000032 106.218718999999993 107.9056700000000006 109.1859589999999969 110.3908839999999998 111.3503189999999989 111.5110629999999929 111.0638579999999962 110.597999999999999 110.0236280000000022 109.1719279999999941 108.155304000000001 106.9371189999999956 104.833800999999994 102.1445310000000006 99.9022219999999948 99.8319780000000065 101.110328999999993 101.7924880000000059 102.3989640000000065 102.9712520000000069
109.852478000000005 110.2247540000000043 110.6711959999999948 111.118858000000003 111.5264430000000004 111.4441379999999953 111.1398089999999996 110.7494130000000041 110.2216339999999946 109.648658999999995 108.9408949999999976 108.0998459999999994 107.1914600000000064 106.4816739999999982 105.6365049999999997 104.4378200000000021 102.6360169999999954 100.6998669999999976 99.7261579999999981 99.9544530000000009 101.3140029999999996 103.4348140000000029 105.6145549999999957 107.2661899999999946 108.5891419999999954 109.8955310000000054 110.740241999999995 110.6923830000000066 110.1924130000000019 109.7512439999999998 109.2095949999999931 108.3601759999999956 107.2362289999999945 106.1577529999999996 104.0549390000000045 101.0329820000000041 99.3278959999999955 100.1403959999999955 101.5165860000000038 102.4575119999999941 103.6283339999999953 104.9013819999999981
