trunk/raster/r.viewshed/testsuite/data/elevation.ascii
north: 216990
south: 215520
east: 635950
west: 633730
rows: 147
cols: 222
[rows 36 to 53 of 147, columns 42 to 83 of 222]
86.1984939999999966 86.1984939999999966 86.1984939999999966 86.1984939999999966 86.1984939999999966 86.1983869999999968 86.2018429999999967 86.1843570000000057 86.1854399999999998 86.250953999999993 86.5026550000000043 86.684905999999998 86.6580890000000039 86.3219760000000065 86.2133479999999963 86.4843290000000025 86.6176990000000018 86.5116960000000006 86.4147719999999993 86.475594000000001 86.4983900000000006 86.3811259999999947 86.2383269999999982 86.2288130000000024 86.2470399999999984 86.2679370000000034 86.2840120000000042 86.2845379999999977 86.2881770000000046 86.2989120000000014 86.3001170000000002 86.3110199999999992 86.3160629999999998 86.3217769999999973 86.3292469999999952 86.3413309999999967 86.347099 86.3443680000000029 86.3456500000000062 86.3477330000000052 86.3353960000000029 86.3251110000000068
86.1984939999999966 86.1984939999999966 86.1984939999999966 86.1984939999999966 86.1984939999999966 86.1984939999999966 86.1983570000000014 86.1998829999999998 86.1956100000000021 86.1756210000000067 86.2265550000000047 86.4184190000000001 86.7327959999999933 86.5637889999999999 86.2729190000000017 86.2319559999999967 86.3704910000000012 86.4615710000000064 86.3841780000000057 86.2574999999999932 86.2642749999999978 86.2978669999999966 86.214020000000005 86.2066120000000069 86.2309340000000049 86.2521129999999943 86.2667009999999976 86.2703170000000057 86.2654950000000014 86.2744519999999966 86.2875899999999945 86.2951809999999995 86.3043820000000039 86.3147739999999999 86.3173599999999936 86.3256839999999954 86.3315429999999964 86.3290860000000038 86.328827000000004 86.330528000000001 86.3215409999999963 86.3163679999999971
86.1984939999999966 86.1984939999999966 86.1984939999999966 86.1984939999999966 86.1984939999999966 86.1984939999999966 86.1984939999999966 86.1984939999999966 86.1984329999999943 86.2002410000000054 86.2373659999999944 86.3551410000000033 86.3654709999999994 86.3836210000000051 86.5439300000000031 86.5951160000000044 86.4028090000000049 86.3767780000000016 86.4018169999999941 86.3171310000000034 86.3471530000000058 86.3923719999999946 86.2924270000000035 86.2347869999999972 86.2341380000000015 86.2337799999999959 86.2393110000000007 86.2509309999999942 86.2560730000000007 86.2629320000000064 86.2711259999999953 86.2813869999999952 86.2909470000000027 86.2972790000000032 86.3088460000000026 86.3171920000000057 86.3152469999999994 86.3185730000000007 86.3192829999999987 86.3170470000000023 86.3181000000000012 86.3196030000000007
86.1984939999999966 86.1984939999999966 86.1984939999999966 86.1984939999999966 86.1984939999999966 86.1984939999999966 86.1984939999999966 86.1984939999999966 86.1984939999999966 86.1955640000000045 86.2472000000000065 86.3529209999999949 86.1906429999999943 86.3626560000000012 86.7536620000000056 86.8730160000000069 86.6596600000000024 86.4668960000000055 86.4578400000000045 86.4286799999999999 86.3896639999999962 86.4409030000000058 86.4891889999999961 86.4548719999999946 86.2747729999999962 86.2157289999999961 86.2284930000000003 86.2357939999999985 86.2459790000000055 86.2582859999999982 86.2581019999999938 86.2691959999999938 86.2853620000000063 86.2863540000000029 86.2931289999999933 86.3015369999999962 86.3016740000000055 86.3151550000000043 86.3195189999999997 86.3079680000000025 86.3102650000000011 86.3210069999999945
86.1984939999999966 86.1984939999999966 86.1984939999999966 86.1984939999999966 86.1984939999999966 86.1984939999999966 86.1984939999999966 86.1984939999999966 86.1984939999999966 86.1989290000000068 86.1900329999999997 86.147705000000002 86.2778550000000024 86.6406860000000023 86.6099169999999958 86.420226999999997 86.4088899999999995 86.4253920000000022 86.3706360000000046 86.413841000000005 86.5739209999999986 86.472014999999999 86.4153519999999986 86.4652329999999978 86.312927000000002 86.1899190000000033 86.2237930000000006 86.2278589999999951 86.2286299999999954 86.2505040000000065 86.258018000000007 86.2593920000000054 86.2662579999999934 86.2767489999999952 86.2867580000000061 86.2850799999999936 86.289283999999995 86.2985610000000065 86.3027189999999962 86.2911529999999942 86.3070069999999987 86.3219299999999947
86.1984939999999966 86.1984939999999966 86.1984939999999966 86.1984939999999966 86.1984939999999966 86.1984939999999966 86.1984939999999966 86.1984939999999966 86.1984939999999966 86.1984790000000061 86.1985399999999942 86.1841809999999953 86.2757110000000011 86.4319839999999999 86.2822110000000038 86.1365590000000054 86.1536409999999933 86.1788410000000056 86.1461720000000071 86.2745900000000034 86.5015340000000066 86.4833299999999952 86.4682690000000065 86.4033510000000007 86.2491679999999974 86.1878130000000056 86.2088549999999998 86.2260059999999982 86.2271350000000041 86.2328640000000064 86.242912000000004 86.2536240000000021 86.2565989999999942 86.2608259999999945 86.2716219999999936 86.2707900000000052 86.2838670000000008 86.2876509999999968 86.2879410000000036 86.288848999999999 86.3088910000000027 86.3211289999999991
86.1984939999999966 86.1984939999999966 86.1984939999999966 86.1984939999999966 86.1984939999999966 86.1984939999999966 86.1984939999999966 86.1984939999999966 86.1984939999999966 86.1984939999999966 86.1985090000000014 86.2005769999999956 86.1883619999999979 86.1665270000000021 86.1780320000000017 86.2028580000000062 86.2000429999999938 86.1980209999999971 86.2011569999999949 86.1882630000000063 86.1502150000000029 86.2363129999999956 86.4536820000000006 86.5148930000000007 86.2732539999999943 86.1859970000000004 86.199073999999996 86.206421000000006 86.2173609999999968 86.2266769999999951 86.2279209999999949 86.2361530000000016 86.2458570000000009 86.2560270000000031 86.2556079999999952 86.2583920000000006 86.266295999999997 86.2757189999999952 86.2861860000000007 86.2889399999999966 86.2974090000000018 86.3164830000000052
86.1984939999999966 86.1984939999999966 86.1984939999999966 86.1984939999999966 86.1984939999999966 86.1984939999999966 86.1984939999999966 86.1984939999999966 86.1984939999999966 86.1984939999999966 86.1984939999999966 86.1984479999999991 86.1987079999999963 86.1991270000000043 86.1991040000000055 86.1983869999999968 86.1984939999999966 86.1984939999999966 86.1984939999999966 86.198607999999993 86.2007059999999967 86.1782070000000004 86.186119000000005 86.3231959999999958 86.2720640000000003 86.187531000000007 86.1983409999999992 86.1966319999999939 86.2010350000000045 86.2110749999999939 86.2226869999999934 86.2273409999999956 86.2295459999999991 86.2409130000000062 86.2398830000000061 86.2526780000000031 86.2577289999999977 86.2598880000000037 86.2684780000000018 86.280272999999994 86.2896649999999994 86.2982099999999974
86.1984939999999966 86.1984939999999966 86.1984939999999966 86.1984939999999966 86.1984939999999966 86.1984939999999966 86.1984939999999966 86.1984939999999966 86.1984939999999966 86.1984939999999966 86.1984939999999966 86.1984939999999966 86.1984939999999966 86.1984939999999966 86.1984939999999966 86.1984939999999966 86.1984939999999966 86.1984939999999966 86.1984939999999966 86.1984939999999966 86.1984479999999991 86.1992800000000017 86.1980899999999934 86.1903149999999982 86.1939390000000003 86.1991960000000006 86.1984939999999966 86.1985549999999989 86.1982119999999981 86.1975400000000036 86.2055890000000034 86.2157210000000021 86.2258609999999948 86.2267460000000057 86.2272640000000052 86.2355500000000035 86.2454910000000012 86.255675999999994 86.2562479999999994 86.2634120000000024 86.2736280000000022 86.2679289999999952
86.1984939999999966 86.1984939999999966 86.1984939999999966 86.1984939999999966 86.1984939999999966 86.1984939999999966 86.1984939999999966 86.1984939999999966 86.1984939999999966 86.1984939999999966 86.1984939999999966 86.1984939999999966 86.1984939999999966 86.1984939999999966 86.1984939999999966 86.1984939999999966 86.1984939999999966 86.1984939999999966 86.1984939999999966 86.1984939999999966 86.1984939999999966 86.1984939999999966 86.1984939999999966 86.1984939999999966 86.1984939999999966 86.1984939999999966 86.1984939999999966 86.1984939999999966 86.1984939999999966 86.1985020000000048 86.1973420000000061 86.1990810000000067 86.211151000000001 86.2103350000000006 86.2206039999999945 86.228240999999997 86.229218000000003 86.2399599999999964 86.2430800000000062 86.2406620000000004 86.2382889999999946 86.2394639999999981
86.1984939999999966 86.1984939999999966 86.1984939999999966 86.1984939999999966 86.1984939999999966 86.1984939999999966 86.1984939999999966 86.1984939999999966 86.1984939999999966 86.1984939999999966 86.1984939999999966 86.1984939999999966 86.1984939999999966 86.1984939999999966 86.1984939999999966 86.1984939999999966 86.1984939999999966 86.1984939999999966 86.1984939999999966 86.1984939999999966 86.1984939999999966 86.1984939999999966 86.1984939999999966 86.1984939999999966 86.1984939999999966 86.1984939999999966 86.1984939999999966 86.1984939999999966 86.1985169999999954 86.1983409999999992 86.188477000000006 86.1786649999999952 86.1835329999999971 86.1947940000000017 86.2045360000000045 86.2146220000000056 86.2251660000000015 86.2286830000000037 86.2282100000000042 86.2283479999999969 86.2277909999999963 86.2295299999999969
86.1984939999999966 86.1984939999999966 86.1984939999999966 86.1984939999999966 86.1984939999999966 86.1984939999999966 86.1984939999999966 86.1984939999999966 86.1984939999999966 86.1984939999999966 86.1984939999999966 86.1984939999999966 86.1984939999999966 86.1984939999999966 86.1984939999999966 86.1984939999999966 86.1984939999999966 86.1984939999999966 86.1984939999999966 86.1984939999999966 86.1984939999999966 86.1984939999999966 86.1984939999999966 86.1984939999999966 86.1984939999999966 86.1984939999999966 86.1984860000000026 86.1985169999999954 86.1992489999999947 86.1929169999999942 86.1700670000000031 86.1665420000000069 86.1705469999999991 86.1803890000000052 86.1900559999999984 86.200019999999995 86.2086410000000001 86.2177659999999975 86.2273480000000063 86.2290339999999986 86.2196809999999942 86.2106699999999933
86.1984939999999966 86.1984939999999966 86.1984939999999966 86.1984939999999966 86.1984939999999966 86.1984939999999966 86.1984939999999966 86.1984939999999966 86.1984939999999966 86.1984939999999966 86.1984939999999966 86.1984939999999966 86.1984939999999966 86.1984939999999966 86.1984939999999966 86.1984939999999966 86.1984939999999966 86.1984939999999966 86.1984939999999966 86.1984939999999966 86.1984939999999966 86.1984939999999966 86.1984939999999966 86.1984939999999966 86.1984939999999966 86.1985320000000002 86.1995160000000027 86.1963039999999978 86.1867289999999997 86.1752850000000024 86.1672439999999966 86.1679610000000054 86.1681140000000028 86.1673049999999989 86.1765209999999939 86.1878279999999961 86.1947020000000066 86.2030259999999942 86.2142410000000012 86.2153930000000059 86.2033839999999998 86.1944660000000056
86.1984939999999966 86.1984939999999966 86.1984939999999966 86.1984939999999966 86.1984939999999966 86.1984939999999966 86.1984939999999966 86.1984939999999966 86.1984939999999966 86.1984939999999966 86.1984939999999966 86.1984939999999966 86.1984939999999966 86.1984939999999966 86.1984939999999966 86.1984939999999966 86.1984939999999966 86.1984939999999966 86.1984939999999966 86.1984939999999966 86.1984939999999966 86.1984939999999966 86.1984939999999966 86.1984479999999991 86.1989209999999986 86.1983869999999968 86.1898419999999987 86.1798249999999939 86.1700519999999983 86.168327000000005 86.1680149999999969 86.1690600000000018 86.1663819999999987 86.1548920000000038 86.153412000000003 86.1526640000000015 86.1796719999999965 86.1873930000000001 86.1873779999999954 86.1987150000000071 86.1985779999999977 86.1860499999999945
86.1984939999999966 86.1984939999999966 86.1984939999999966 86.1984939999999966 86.1984939999999966 86.1984939999999966 86.1984939999999966 86.1984939999999966 86.1984939999999966 86.1984939999999966 86.1984939999999966 86.1984939999999966 86.1984939999999966 86.1984939999999966 86.1984939999999966 86.1984939999999966 86.1984939999999966 86.1984939999999966 86.1984939999999966 86.1984939999999966 86.1984939999999966 86.1984329999999943 86.1987380000000059 86.2002939999999995 86.1934739999999948 86.1830520000000035 86.1724090000000018 86.1681520000000063 86.1679380000000066 86.1684190000000001 86.1682210000000026 86.1598280000000045 86.1498789999999985 86.1398089999999996 86.1383819999999929 86.1391909999999967 86.1504589999999979 86.1562650000000048 86.1735379999999935 86.186829000000003 86.1844480000000033 86.1723250000000007
86.1984939999999966 86.1984939999999966 86.1984939999999966 86.1984939999999966 86.1984939999999966 86.1984939999999966 86.1984939999999966 86.1984939999999966 86.1984939999999966 86.1984939999999966 86.1984939999999966 86.1984939999999966 86.1984939999999966 86.1984939999999966 86.1984939999999966 86.1984939999999966 86.1984939999999966 86.1984939999999966 86.1984939999999966 86.1984939999999966 86.1986160000000012 86.2002180000000067 86.1975860000000011 86.188873000000001 86.1769639999999981 86.1684340000000049 86.168059999999997 86.1680680000000052 86.169951999999995 86.1637039999999956 86.1532440000000008 86.1423800000000028 86.1377109999999959 86.1374440000000021 86.1378710000000041 86.1376190000000008 86.1280589999999933 86.1394810000000035 86.155036999999993 86.1611019999999996 86.1707150000000013 86.1688539999999961
86.1984939999999966 86.1984939999999966 86.1984939999999966 86.1984939999999966 86.1984939999999966 86.1984939999999966 86.1984939999999966 86.1984939999999966 86.1984939999999966 86.1984939999999966 86.1984939999999966 86.1984939999999966 86.1984939999999966 86.1984939999999966 86.1984939999999966 86.1984939999999966 86.1984939999999966 86.1984939999999966 86.1984099999999955 86.1993480000000005 86.1993640000000028 86.1917650000000037 86.1818700000000035 86.1713179999999994 86.1686399999999963 86.1677629999999937 86.1696620000000024 86.1674650000000071 86.1590190000000007 86.1473390000000023 86.1381910000000062 86.1375960000000021 86.1375270000000057 86.1395799999999952 86.1338959999999929 86.1231460000000055 86.1123580000000004 86.1195069999999987 86.1275020000000069 86.1479420000000005 86.1607819999999975 86.1548159999999967
86.1984939999999966 86.1984939999999966 86.1984939999999966 86.1984939999999966 86.1984939999999966 86.1984939999999966 86.1984939999999966 86.1984939999999966 86.1984939999999966 86.1984939999999966 86.1984939999999966 86.1984939999999966 86.1984939999999966 86.1984939999999966 86.1984939999999966 86.1984939999999966 86.198395000000005 86.1988910000000033 86.200806 86.1946640000000031 86.1850280000000026 86.1738050000000015 86.1688230000000033 86.1676559999999938 86.1686710000000033 86.1691129999999958 86.1616590000000002 86.1518939999999986 86.1412200000000041 86.138274999999993 86.1372219999999942 86.1391299999999944 86.1372989999999987 86.1291279999999944 86.1176609999999982 86.1079639999999955 86.1072460000000035 86.1071089999999941 86.115273000000002 86.1302639999999968 86.127159000000006 86.136139
