trunk/raster/r.viewshed/testsuite/data/elevation.ascii
north: 216990
south: 215520
east: 635950
west: 633730
rows: 147
cols: 222
[rows 90 to 107 of 147, columns 168 to 209 of 222]
85.7413329999999974 85.7412869999999998 85.7412869999999998 85.7412869999999998 85.7412800000000033 85.7434920000000034 85.7317890000000062 85.7112350000000021 85.7108080000000001 85.7108080000000001 85.7108080000000001 85.7108080000000001 85.7108080000000001 85.7108080000000001 85.7108080000000001 85.7108080000000001 85.7108080000000001 85.7108080000000001 85.7108080000000001 85.7108080000000001 85.7108080000000001 85.7108080000000001 85.7108080000000001 85.7108080000000001 85.7108080000000001 85.7108080000000001 85.7108080000000001 85.7108080000000001 85.7108309999999989 85.7086029999999965 85.710716000000005 85.8086169999999981 85.8597110000000043 86.1184920000000034 86.4066239999999937 86.5823060000000027 87.0071640000000031 87.3571089999999941 88.2246399999999937 89.4571229999999957 90.1741789999999952 90.783173000000005
85.7412869999999998 85.7412869999999998 85.7412869999999998 85.7412869999999998 85.7413480000000021 85.7429580000000016 85.7314989999999995 85.7112879999999961 85.7108080000000001 85.7108080000000001 85.7108080000000001 85.7108080000000001 85.7108080000000001 85.7108080000000001 85.7108080000000001 85.7108080000000001 85.7108080000000001 85.7108080000000001 85.7108080000000001 85.7108080000000001 85.7108080000000001 85.7108080000000001 85.7108080000000001 85.7108080000000001 85.7108080000000001 85.7108080000000001 85.7108080000000001 85.7108080000000001 85.7108080000000001 85.7112120000000033 85.7086330000000061 85.6911089999999973 85.6313549999999992 85.7437209999999936 86.1091610000000003 86.3928989999999999 86.8884429999999952 87.4901959999999974 88.1120829999999984 88.8999100000000055 89.6483609999999942 90.1475599999999986
85.7412869999999998 85.7412869999999998 85.7412869999999998 85.7412869999999998 85.7420120000000026 85.7390900000000045 85.7204899999999981 85.7109760000000023 85.7108080000000001 85.7108080000000001 85.7108080000000001 85.7108080000000001 85.7108080000000001 85.7108080000000001 85.7108080000000001 85.7108080000000001 85.7108080000000001 85.7108080000000001 85.7108080000000001 85.7108080000000001 85.7108080000000001 85.7108080000000001 85.7108080000000001 85.7108080000000001 85.7108080000000001 85.7108080000000001 85.7108080000000001 85.7108080000000001 85.7108080000000001 85.7108309999999989 85.7111359999999962 85.7102509999999995 85.7178420000000045 85.6632079999999974 85.7436139999999938 86.0999759999999981 86.6987840000000034 87.2815930000000009 87.6812520000000006 88.0767670000000038 88.8050159999999948 89.3608250000000055
85.7412869999999998 85.7412869999999998 85.7412869999999998 85.7412869999999998 85.7427899999999994 85.7336350000000067 85.7129670000000061 85.7107699999999966 85.7108080000000001 85.7108080000000001 85.7108080000000001 85.7108080000000001 85.7108080000000001 85.7108080000000001 85.7108080000000001 85.7108080000000001 85.7108080000000001 85.7108080000000001 85.7108080000000001 85.7108080000000001 85.7108080000000001 85.7108080000000001 85.7108080000000001 85.7108080000000001 85.7108080000000001 85.7108080000000001 85.7108080000000001 85.7108080000000001 85.7108080000000001 85.7108000000000061 85.7104190000000017 85.7055820000000068 85.6942899999999952 85.6876529999999974 85.6616130000000027 85.8216319999999939 86.4096600000000024 86.8311389999999932 87.0964510000000018 87.2149430000000052 87.8165740000000028 88.3884120000000024
85.7412869999999998 85.7412869999999998 85.7412869999999998 85.7412869999999998 85.7426379999999995 85.7347340000000031 85.7137599999999935 85.7107850000000013 85.7108080000000001 85.7108080000000001 85.7108080000000001 85.7108080000000001 85.7108080000000001 85.7108080000000001 85.7108080000000001 85.7108080000000001 85.7108080000000001 85.7108080000000001 85.7108080000000001 85.7108080000000001 85.7108080000000001 85.7108080000000001 85.7108080000000001 85.7108080000000001 85.7108080000000001 85.7108080000000001 85.7108000000000061 85.7108460000000036 85.7109300000000047 85.7088700000000046 85.6977159999999998 85.6879200000000054 85.6798399999999987 85.679665 85.6763229999999965 85.7159189999999995 85.9221040000000045 86.1848829999999992 86.5496899999999982 86.6034549999999967 86.9314349999999934 87.3715519999999941
85.7412869999999998 85.7412869999999998 85.7412869999999998 85.7412869999999998 85.7426219999999972 85.7347560000000044 85.7137830000000065 85.7107769999999931 85.7108080000000001 85.7108080000000001 85.7108080000000001 85.7108080000000001 85.7108080000000001 85.7108080000000001 85.7108080000000001 85.7108080000000001 85.7108080000000001 85.7108080000000001 85.7108080000000001 85.7108080000000001 85.7108080000000001 85.7108080000000001 85.7108080000000001 85.7108080000000001 85.7108080000000001 85.7108080000000001 85.710875999999999 85.7105870000000039 85.7097090000000037 85.6988910000000033 85.679481999999993 85.6791079999999994 85.6802440000000018 85.6803210000000064 85.6809460000000058 85.6703409999999934 85.632598999999999 85.7065659999999951 85.928719000000001 86.0543440000000004 86.2958299999999952 86.7277980000000071
85.7412869999999998 85.7412869999999998 85.7412869999999998 85.7412869999999998 85.7426070000000067 85.7347950000000054 85.7138209999999958 85.7107699999999966 85.7108080000000001 85.7108080000000001 85.7108080000000001 85.7108080000000001 85.7108080000000001 85.7108080000000001 85.7108080000000001 85.7108080000000001 85.7108080000000001 85.7108080000000001 85.7108080000000001 85.7108080000000001 85.7108080000000001 85.7108080000000001 85.7108080000000001 85.7108080000000001 85.7108080000000001 85.7108379999999954 85.7117690000000039 85.7056730000000044 85.6940689999999989 85.6835099999999983 85.6793590000000052 85.6803440000000052 85.6803210000000064 85.6803210000000064 85.6803050000000042 85.6806490000000025 85.6816479999999956 85.681800999999993 85.6174469999999985 85.6495440000000059 85.8132630000000063 86.2550659999999993
85.7412869999999998 85.7412869999999998 85.7412869999999998 85.7412869999999998 85.7425989999999985 85.734809999999996 85.7138439999999946 85.7107699999999966 85.7108080000000001 85.7108080000000001 85.7108080000000001 85.7108080000000001 85.7108080000000001 85.7108080000000001 85.7108080000000001 85.7108080000000001 85.7108080000000001 85.7108080000000001 85.7108080000000001 85.7108080000000001 85.7108080000000001 85.7108080000000001 85.7108080000000001 85.7108080000000001 85.7108000000000061 85.7113109999999949 85.7099000000000046 85.6896440000000013 85.6800309999999996 85.6802440000000018 85.6803440000000052 85.6803210000000064 85.6803210000000064 85.6803210000000064 85.6803210000000064 85.6803210000000064 85.6803210000000064 85.6800839999999937 85.682068000000001 85.6747280000000018 85.6437229999999943 85.9101940000000042
85.7412869999999998 85.7412869999999998 85.7412869999999998 85.7412800000000033 85.7426300000000055 85.7362439999999992 85.7143480000000011 85.7107620000000026 85.7108080000000001 85.7108080000000001 85.7108080000000001 85.7108080000000001 85.7108080000000001 85.7108080000000001 85.7108080000000001 85.7108080000000001 85.7108080000000001 85.7108080000000001 85.7108080000000001 85.7108080000000001 85.7108080000000001 85.7108080000000001 85.7108080000000001 85.7108230000000049 85.7098620000000011 85.7010729999999938 85.690796000000006 85.6814119999999946 85.6803210000000064 85.6803210000000064 85.6803210000000064 85.6803210000000064 85.6803210000000064 85.6803210000000064 85.6803210000000064 85.6803210000000064 85.6803210000000064 85.6803210000000064 85.6803210000000064 85.6802289999999971 85.6629870000000011 85.7698900000000037
85.7412869999999998 85.7412869999999998 85.7412869999999998 85.7414019999999937 85.7408369999999991 85.7271499999999946 85.7120510000000024 85.7107769999999931 85.7108080000000001 85.7108080000000001 85.7108080000000001 85.7108080000000001 85.7108080000000001 85.7108080000000001 85.7108080000000001 85.7108080000000001 85.7108080000000001 85.7108080000000001 85.7108080000000001 85.7108080000000001 85.7108080000000001 85.7107620000000026 85.7110210000000023 85.7113489999999985 85.7014010000000042 85.6817400000000049 85.6801990000000018 85.6803440000000052 85.6803210000000064 85.6803210000000064 85.6803210000000064 85.6803210000000064 85.6803210000000064 85.6803210000000064 85.6803210000000064 85.6803210000000064 85.6803210000000064 85.6803210000000064 85.6803210000000064 85.6804810000000003 85.6702420000000018 85.6659549999999967
85.7412869999999998 85.7412869999999998 85.7412869999999998 85.7416309999999982 85.7369840000000067 85.7163699999999977 85.7102809999999948 85.7108080000000001 85.7108080000000001 85.7108080000000001 85.7108080000000001 85.7108080000000001 85.7108080000000001 85.7108080000000001 85.7108080000000001 85.7108080000000001 85.7108080000000001 85.7108080000000001 85.7108080000000001 85.7108080000000001 85.7107539999999943 85.7118679999999955 85.7077940000000069 85.6971970000000027 85.6855999999999938 85.6793519999999944 85.6802370000000053 85.6803129999999982 85.6803210000000064 85.6803210000000064 85.6803210000000064 85.6803210000000064 85.6803210000000064 85.6803210000000064 85.6803210000000064 85.6803210000000064 85.6803210000000064 85.6803210000000064 85.6803210000000064 85.6803280000000029 85.6813740000000053 85.6622849999999971
85.7412869999999998 85.7412869999999998 85.7412869999999998 85.7416920000000005 85.7383420000000029 85.7167589999999961 85.7099230000000034 85.7108080000000001 85.7108080000000001 85.7108080000000001 85.7108080000000001 85.7108080000000001 85.7108080000000001 85.7108080000000001 85.7108080000000001 85.7108080000000001 85.7108080000000001 85.7108080000000001 85.7108080000000001 85.7108080000000001 85.7113650000000007 85.7100910000000056 85.6918869999999941 85.681549000000004 85.6805650000000014 85.6802140000000065 85.6803280000000029 85.6803210000000064 85.6803210000000064 85.6803210000000064 85.6803210000000064 85.6803210000000064 85.6803210000000064 85.6803210000000064 85.6803210000000064 85.6803210000000064 85.6803210000000064 85.6803210000000064 85.6803210000000064 85.6803210000000064 85.6804280000000063 85.6793980000000062
85.7412869999999998 85.7412869999999998 85.741264000000001 85.7419890000000038 85.7327039999999982 85.7128139999999945 85.7103419999999971 85.7108080000000001 85.7108080000000001 85.7108080000000001 85.7108080000000001 85.7108080000000001 85.7108080000000001 85.7108080000000001 85.7108080000000001 85.7108080000000001 85.7108080000000001 85.7108080000000001 85.7108080000000001 85.7107769999999931 85.7126389999999958 85.7050780000000003 85.6833649999999949 85.6800839999999937 85.6802670000000006 85.6803359999999969 85.6803210000000064 85.6803210000000064 85.6803210000000064 85.6803210000000064 85.6803210000000064 85.6803210000000064 85.6803210000000064 85.6803210000000064 85.6803210000000064 85.6803210000000064 85.6803210000000064 85.6803210000000064 85.6803210000000064 85.6803210000000064 85.6803129999999982 85.680419999999998
85.7412869999999998 85.7411649999999952 85.742217999999994 85.7365570000000048 85.7150500000000051 85.7102509999999995 85.7107539999999943 85.7108080000000001 85.7108080000000001 85.7108080000000001 85.7108080000000001 85.7108080000000001 85.7108080000000001 85.7108080000000001 85.7108080000000001 85.7108080000000001 85.7108080000000001 85.7108080000000001 85.7108080000000001 85.7110140000000058 85.7106550000000027 85.6961359999999956 85.6812589999999972 85.6803210000000064 85.6803210000000064 85.6803210000000064 85.6803210000000064 85.6803210000000064 85.6803210000000064 85.6803210000000064 85.6803210000000064 85.6803210000000064 85.6803210000000064 85.6803210000000064 85.6803210000000064 85.6803210000000064 85.6803210000000064 85.6803210000000064 85.6803210000000064 85.6803210000000064 85.6803210000000064 85.6803210000000064
85.7412869999999998 85.7418059999999969 85.7383190000000042 85.7182999999999993 85.7094799999999992 85.7105940000000004 85.7108230000000049 85.7108080000000001 85.7108080000000001 85.7108080000000001 85.7108080000000001 85.7108080000000001 85.7108080000000001 85.7108080000000001 85.7108080000000001 85.7108080000000001 85.7108080000000001 85.7108080000000001 85.7108080000000001 85.7116240000000005 85.707618999999994 85.6864779999999939 85.6800690000000031 85.6803210000000064 85.6803210000000064 85.6803210000000064 85.6803210000000064 85.6803210000000064 85.6803210000000064 85.6803210000000064 85.6803210000000064 85.6803210000000064 85.6803210000000064 85.6803210000000064 85.6803210000000064 85.6803210000000064 85.6803210000000064 85.6803210000000064 85.6803210000000064 85.6803210000000064 85.6803210000000064 85.6803210000000064
85.7411349999999999 85.7439349999999934 85.7307969999999955 85.7092360000000042 85.7105099999999993 85.7108379999999954 85.7108080000000001 85.7108080000000001 85.7108080000000001 85.7108080000000001 85.7108080000000001 85.7108080000000001 85.7108080000000001 85.7108080000000001 85.7108080000000001 85.7108080000000001 85.7108080000000001 85.7108080000000001 85.7108149999999966 85.7105940000000004 85.6996460000000013 85.6820139999999952 85.6800309999999996 85.6803210000000064 85.6803210000000064 85.6803210000000064 85.6803210000000064 85.6803210000000064 85.6803210000000064 85.6803210000000064 85.6803210000000064 85.6803210000000064 85.6803210000000064 85.6803210000000064 85.6803210000000064 85.6803210000000064 85.6803210000000064 85.6803210000000064 85.6803210000000064 85.6803210000000064 85.6803210000000064 85.6803210000000064
85.7420429999999953 85.7395250000000004 85.7200619999999986 85.7096410000000049 85.7108539999999977 85.7108080000000001 85.7108080000000001 85.7108080000000001 85.7108080000000001 85.7108080000000001 85.7108080000000001 85.7108080000000001 85.7108080000000001 85.7108080000000001 85.7108080000000001 85.7108080000000001 85.7108080000000001 85.7108080000000001 85.7108690000000024 85.7093509999999981 85.6895520000000062 85.6792829999999981 85.6802899999999994 85.6803210000000064 85.6803210000000064 85.6803210000000064 85.6803210000000064 85.6803210000000064 85.6803210000000064 85.6803210000000064 85.6803210000000064 85.6803210000000064 85.6803210000000064 85.6803210000000064 85.6803210000000064 85.6803210000000064 85.6803210000000064 85.6803210000000064 85.6803210000000064 85.6803210000000064 85.6803210000000064 85.6803210000000064
85.7425769999999972 85.7370070000000055 85.7134170000000069 85.7083279999999945 85.7102200000000067 85.7109379999999987 85.7108080000000001 85.7108080000000001 85.7108080000000001 85.7108080000000001 85.7108080000000001 85.7108080000000001 85.7108080000000001 85.7108080000000001 85.7108080000000001 85.7108080000000001 85.7108080000000001 85.7107010000000002 85.7117310000000003 85.7049939999999992 85.6827239999999932 85.6793140000000051 85.6803280000000029 85.6803210000000064 85.6803210000000064 85.6803210000000064 85.6803210000000064 85.6803210000000064 85.6803210000000064 85.6803210000000064 85.6803210000000064 85.6803210000000064 85.6803210000000064 85.6803210000000064 85.6803210000000064 85.6803210000000064 85.6803210000000064 85.6803210000000064 85.6803210000000064 85.6803210000000064 85.6803210000000064 85.6803210000000064
