trunk/raster/r.viewshed/testsuite/data/lake_viewshed.ascii
north: 216990
south: 215520
east: 635950
west: 633730
rows: 147
cols: 222
[rows 33 to 65 of 147, columns 73 to 145 of 222]
88.423798 88.409798 88.396904 88.385094 88.372063 88.359901 88.34761 88.3358 88.323975 88.310265 88.298141 88.287758 88.278671 88.269608 88.262688 88.253128 88.244911 88.237663 88.229218 88.226967 88.273018 88.348732 88.383095 88.425995 88.513107 88.652786 88.779411 88.873299 89.000359 89.116089 89.235779 89.364143 89.450203 89.499802 89.537003 89.556015 89.563812 89.547432 89.474533 89.353241 89.227226 89.083572 88.879929 * 88.735329 88.741112 88.751083 88.763786 88.779457 88.795395 88.813782 88.851379 88.986015 89.154228 89.282768 89.393135 89.49157 89.567001 89.642784 89.723412 89.80265 89.866356 89.902794 89.90332 89.890984 89.927872 90.005409 90.0793 90.127533 90.142319 90.1549 90.166931 90.163658
88.395973 88.38205 88.368484 88.355713 88.341927 88.330063 88.31778 88.303886 88.290001 88.277702 88.265968 88.254768 88.244186 88.234833 88.227821 88.220421 88.213341 88.204559 88.197258 88.187836 88.198311 88.257309 88.327507 88.36515 88.414337 88.527657 88.660583 88.75808 88.887375 89.020729 89.142494 89.264694 89.351959 89.416 89.457214 89.471329 89.471992 89.438263 89.349968 89.228302 89.102501 88.930367 88.783508 88.738449 88.71624 88.717522 88.72937 88.74472 88.760963 88.776466 88.795448 88.841255 88.998718 89.178276 89.304573 89.406677 89.483086 89.552956 89.633255 89.716141 89.790283 89.828148 89.824234 89.821762 89.859322 89.940865 90.00782 90.046761 90.073166 90.08503 90.09462 90.099258 90.100822
88.36805 88.353111 88.338753 88.32531 88.311401 88.298187 88.284958 88.270798 88.257042 88.244217 88.231743 88.220291 88.209503 88.199127 88.191452 88.184608 88.178749 88.170776 88.163773 88.157303 88.142212 88.167801 88.306633 88.349586 88.332474 88.385918 88.498665 88.627487 88.759659 88.916634 89.065102 89.175339 89.25119 89.328384 89.380768 89.392715 89.366043 89.298958 89.217804 89.111847 88.957085 88.777534 88.727165 88.728088 88.69696 88.694016 88.708649 88.725578 88.742165 88.758575 88.777206 88.856934 89.035057 89.20636 89.32856 89.412529 89.473198 89.549614 89.628906 89.702972 89.741943 89.745834 89.752495 89.790001 89.852692 89.922829 89.962921 89.985672 90.004654 90.022469 90.029312 90.028435 90.03067
88.339043 88.323708 88.30864 88.294006 88.280167 88.265907 88.250999 88.236923 88.223351 88.208504 88.194366 88.182869 88.172806 88.163239 88.155136 88.14592 88.139122 88.133026 88.127426 88.12085 88.109734 88.10675 88.230225 88.290726 88.240204 88.270233 88.355995 88.49379 88.627266 88.812263 88.986717 89.088509 89.168991 89.244431 89.290733 89.297806 89.243202 89.159798 89.091064 89.001579 88.808731 88.656464 88.660324 88.676292 88.667892 88.668381 88.685104 88.702728 88.720085 88.734871 88.763802 88.902908 89.076698 89.228088 89.351051 89.415558 89.476448 89.557602 89.617439 89.648155 89.651779 89.669586 89.725937 89.783867 89.828812 89.861694 89.887344 89.913147 89.926186 89.943069 89.954391 89.9552 89.958023
88.309227 88.293526 88.27816 88.262131 88.247025 88.231934 88.216209 88.201103 88.186653 88.171364 88.157028 88.144859 88.134811 88.125603 88.116508 88.106232 88.098915 88.092316 88.086838 88.079994 88.075958 88.065605 88.086411 88.126472 88.149307 88.182571 88.23452 88.346199 88.490639 88.709152 88.875542 88.976822 89.076904 89.150169 89.182838 89.173096 89.11779 89.046349 88.978455 88.887131 88.694824 * 88.612518 88.625732 88.632759 88.640846 88.656082 88.671883 88.687782 88.699615 88.77301 88.944496 89.09446 89.251694 89.368752 89.426102 89.497299 89.547279 89.555061 89.551147 89.584961 89.647079 89.705269 89.741814 89.773102 89.794434 89.813156 89.824539 89.833618 89.850861 89.86161 89.867516 89.871933
88.278786 88.262253 88.245529 88.229645 88.213654 88.196739 88.180786 88.164902 88.149078 88.134132 88.119759 88.106667 88.095688 88.08535 88.075775 88.064903 88.056984 88.049721 88.043701 88.036385 88.032501 88.028564 88.009605 88.010254 88.06028 88.116585 * 88.226868 88.364624 88.566132 88.71534 88.834213 88.950974 89.033531 89.067657 89.042412 88.993004 88.937187 88.873779 88.757828 88.617165 88.580582 88.589294 88.592125 88.601334 88.614105 88.626083 88.639732 88.64727 88.667747 88.821091 88.97718 89.119011 89.287796 89.381592 89.438774 89.471596 89.457817 89.445885 89.479919 89.560219 89.620903 89.647095 89.66732 89.694351 89.71727 89.733994 89.737259 89.738228 89.751785 89.765617 89.771378 89.777931
88.247673 88.230972 88.212677 88.195274 88.178322 88.160675 88.145004 88.128616 88.110672 88.09494 88.080818 88.066643 88.054832 88.043823 88.033501 88.021835 88.013298 88.005402 87.99852 87.990295 87.984146 87.97892 87.975914 87.973907 87.974068 88.06385 88.211113 88.177444 88.230347 88.405014 88.565575 88.694138 88.820824 88.909477 88.949692 88.931938 88.879395 88.808228 88.734383 88.62397 88.551636 88.554169 88.554413 88.559219 88.572495 88.586967 88.599358 88.613007 88.612053 88.679359 88.869629 89.002007 89.167221 89.301323 89.358109 89.376465 89.348129 89.340874 89.398918 89.471123 89.5243 89.547691 89.571404 89.593544 89.613541 89.62764 89.639542 89.64917 89.639351 89.640152 89.660225 89.666283 89.669647
88.21595 88.197159 88.17897 88.160942 88.141731 88.123535 88.106316 88.08886 88.069839 88.054825 88.040283 88.025055 88.012421 88.000412 87.988815 87.976746 87.967621 87.957985 87.948883 87.939964 87.934052 87.9282 87.924889 87.922989 87.917328 87.957535 88.088463 88.134972 88.107887 88.280678 88.458443 88.570465 88.695137 88.790878 88.828217 88.822861 88.764404 88.637901 88.541542 88.51075 88.498848 88.503044 88.513939 88.527588 88.542725 88.558441 88.57225 88.582985 88.59182 88.721359 88.890419 89.023102 89.173264 89.232155 89.238762 89.217087 89.231064 89.302399 89.407585 89.463745 89.465431 89.47464 89.50412 89.525009 89.538239 89.546593 89.54763 89.546341 89.538361 89.533936 89.544548 89.5541 89.550278
88.183807 88.16349 88.143456 88.124428 88.104202 88.086006 88.066986 88.047913 88.029366 88.01384 87.997902 87.981834 87.968033 87.953888 87.940361 87.928619 87.91803 87.906006 87.894547 87.887131 87.8815 87.875069 87.871109 87.869148 87.869026 87.857361 87.883621 87.972427 87.984825 88.13031 88.316528 88.4459 88.568047 88.672264 88.707794 88.690895 88.589897 88.465805 88.429771 88.451141 88.463341 88.468605 88.481117 88.493576 88.506813 88.523552 88.539795 88.546951 88.585526 88.729424 88.878944 88.993324 89.050919 89.05867 89.068871 89.112701 89.205132 89.29068 89.360359 89.399872 89.406357 89.416794 89.433868 89.450089 89.453972 89.464493 89.462036 89.44043 89.427498 89.430923 89.442741 89.450546 89.44088
88.14933 88.128685 88.108238 88.086632 88.065651 88.045609 88.026108 88.007164 87.987663 87.969452 87.953293 87.936073 87.91951 87.90435 87.890236 87.876686 87.863167 87.849899 87.839882 87.832893 87.824364 87.819008 87.814064 87.811188 87.810417 87.815239 87.811546 87.812912 87.839676 87.940285 88.13533 88.31208 88.447136 88.545517 88.592773 88.535957 88.372971 88.372955 88.417404 88.425827 88.442688 88.452782 88.473038 88.485802 88.492928 * * * 88.593521 88.695709 88.794685 88.853233 88.861504 88.912315 89.00132 89.119209 89.194344 89.236626 89.276291 89.313683 89.343643 89.34948 89.351089 89.355263 89.357201 89.366577 89.368263 89.340279 89.309448 89.315399 89.345642 89.350365 89.333282
88.114952 88.092155 88.070618 88.047661 88.026688 88.004997 87.983246 87.962746 87.943161 87.923805 87.904953 87.88588 87.867439 87.852905 87.837448 87.820938 87.805801 87.792969 87.783928 87.773804 87.765968 87.760048 87.753632 87.750801 87.749756 87.753601 87.759911 87.768219 87.764069 87.806091 87.945412 88.120018 88.291183 88.419518 88.465439 88.372803 88.19455 88.258118 88.263107 88.267876 88.317947 88.359482 88.434189 88.47348 88.492882 88.52636 88.540054 88.546112 88.577019 88.610085 88.662598 88.733833 88.798454 88.904495 89.031761 89.12265 89.14502 89.163567 89.207069 89.249512 89.277725 89.282852 89.270439 89.25853 89.26033 89.259117 89.258049 89.239594 89.209846 89.195381 89.21785 89.225853 89.20797
88.079254 88.05616 88.03196 88.007828 87.984909 87.962471 87.940399 87.917412 87.895798 87.875153 87.852898 87.832344 87.815475 87.797974 87.779335 87.762558 87.748711 87.735443 87.722939 87.712471 87.705139 87.696404 87.691368 87.688522 87.687302 87.688812 87.693581 87.705353 87.717331 87.728699 87.767838 87.862228 88.072128 88.279709 88.316689 88.227745 88.0709 88.058578 88.018677 87.994507 88.031784 88.082306 88.152885 88.23497 88.323128 88.404518 88.442543 88.453438 88.4804 88.5205 88.600441 88.718658 88.823372 88.91584 89.020943 89.069748 89.07428 89.103035 89.152031 89.190041 89.211906 89.214348 89.20034 89.185059 89.176216 89.161415 89.147552 89.132729 89.106728 89.061729 89.062744 89.081192 89.074402
88.041908 88.017677 87.991814 87.967522 87.943047 87.9179 87.894394 87.870224 87.845718 87.821739 87.798897 87.779297 87.759956 87.739059 87.719406 87.703323 87.689049 87.673187 87.657509 87.648079 87.639206 87.631012 87.626022 87.622429 87.621063 87.620796 87.624756 87.636505 87.649788 87.657387 87.665909 87.681679 87.815247 88.054329 88.140923 88.097534 87.99791 87.919319 87.878899 87.846573 87.84919 * * 88.01004 88.110573 88.19603 88.257523 88.303909 88.385956 88.495384 88.590744 88.687263 88.772339 88.843781 88.92247 88.979652 89.006493 89.051308 89.09935 89.128899 89.149223 89.149696 89.134666 89.124916 89.106331 89.072136 89.034592 89.001801 88.967201 88.922935 88.915222 88.94001 88.958679
88.003021 87.976357 87.950554 87.924629 87.898903 87.873466 87.847328 87.820984 87.795158 87.76976 87.745331 87.723091 87.700081 87.677383 87.658234 87.641685 87.623215 87.605225 87.590706 87.579865 87.570496 87.562859 87.556694 87.552681 87.550964 87.551064 87.554924 87.564636 87.577438 87.588631 87.604988 87.616379 87.640869 87.747475 87.850838 87.890671 87.92012 87.882805 * * 87.856056 87.911842 87.964401 88.006126 88.025101 88.06337 88.132065 88.193108 88.317047 88.455811 88.524979 88.582947 88.67157 88.749733 88.822411 88.897491 88.94928 88.994675 89.03801 89.05983 89.084656 89.080765 89.045853 89.042618 89.01516 88.94725 88.876404 88.817459 88.786781 88.77877 88.783348 88.812332 88.852531
87.964172 87.935799 87.90818 87.880585 87.853142 87.825691 87.798584 87.771896 87.744499 87.715965 87.688087 87.662193 87.638054 87.61599 87.594948 87.574486 87.553482 87.535355 87.521446 87.509453 87.499031 87.490257 87.483452 87.478882 87.476799 87.476791 87.48037 87.488457 87.501579 87.512947 87.533279 87.559776 87.57103 87.570503 87.609535 87.634468 87.703377 87.817764 87.850334 87.839333 87.867805 87.887573 87.867912 87.87162 87.881676 87.92556 88.003624 88.093666 88.222076 88.323097 88.372238 88.429459 88.53698 88.657219 88.753319 88.816475 88.871452 88.930435 88.965965 88.9767 88.974083 88.941338 88.896095 88.880814 88.849121 88.763313 88.677002 88.62529 88.615059 88.640244 88.668037 88.709831 88.752213
87.926125 87.895538 87.864716 87.835266 87.806175 87.776596 87.747459 87.719086 87.689621 87.658646 87.628738 87.599358 87.575035 87.551643 87.526627 87.502724 87.481026 87.463531 87.448128 87.434799 87.423241 87.41349 87.405876 87.400681 87.398193 87.39785 87.399033 87.40715 87.420822 87.434746 87.457573 87.478355 87.495705 87.518578 87.534103 87.498299 * 87.713943 87.831451 87.804268 87.763405 87.742142 87.7061 87.697273 87.756493 87.803596 87.873741 88.017113 88.094521 88.123955 88.173515 88.237617 88.351868 88.515099 88.644356 88.709991 88.766312 88.828117 88.851707 88.851166 88.808884 88.746803 88.707504 88.672569 88.623367 88.550362 88.488762 88.476837 88.492378 88.526802 88.563255 88.608147 88.660919
87.887032 87.854263 87.820038 87.787117 87.754265 87.725616 87.694313 87.662109 87.632042 87.6007 87.568001 87.535454 87.508568 87.480766 87.453598 87.430046 87.407486 87.387611 87.370583 87.355804 87.342972 87.332115 87.323578 87.31768 87.314713 87.314262 87.315308 87.321297 87.334946 87.351974 87.372971 87.39238 87.412109 87.440384 87.456375 * * 87.693436 87.683067 87.642403 87.624695 87.634575 87.637917 87.630699 87.671471 87.69857 87.84082 88.092087 88.112419 88.123543 88.202721 * * 88.302109 88.471611 88.584129 88.646782 88.685097 88.688469 88.666199 88.602943 88.538383 88.499718 88.468369 88.407333 88.359367 88.355804 88.382126 88.413567 88.44413 88.477852 88.514374 88.572853
87.84549 87.809731 87.773651 87.73864 87.703857 87.67067 87.63678 87.604935 87.572861 87.538773 87.503677 87.470184 87.436829 87.405815 87.378578 87.354645 87.329262 87.307304 87.288506 87.272079 87.257797 87.245651 87.236244 87.229607 87.226089 87.225334 87.226631 87.232338 87.244576 87.262177 87.284538 87.305946 87.329056 87.342384 * 87.563484 87.644279 87.584969 87.510269 87.512703 87.553185 87.584145 87.605789 87.608047 87.616547 87.663513 87.831635 88.042007 88.087547 88.146652 88.255791 88.274315 * * * 88.416901 88.489609 88.502182 88.490372 88.446388 88.387283 88.344658 88.291969 88.253677 88.236473 88.236458 88.268814 88.322495 88.354897 88.378723 88.414719 88.452606 88.500778
87.801712 87.76461 87.727806 87.690849 87.65361 87.614838 87.579376 87.544777 87.50898 87.474228 87.438164 87.400688 87.363922 87.330742 87.301033 87.272484 87.245781 87.222771 87.201637 87.183708 87.167725 87.154488 87.142326 87.134369 87.130318 87.129257 87.130959 87.136612 87.145348 87.163719 87.190041 87.215858 87.241798 * 87.46225 87.514908 87.445679 87.402847 87.415474 87.448303 87.47963 87.512634 87.548317 87.579338 87.605186 87.662277 87.755684 87.829742 87.916344 88.015205 88.117561 88.226906 88.317558 88.314209 * * * * * * 88.198311 88.173332 88.138649 88.127342 88.154625 88.18647 88.21891 88.260796 88.291672 88.323494 88.365509 88.406898 88.447083
87.758713 87.720093 87.681366 87.64109 87.599724 87.558128 87.519333 87.480774 87.444557 87.407524 87.367844 87.327553 87.289459 87.251534 87.217232 87.184814 87.157959 87.132072 87.10894 87.086845 87.069221 87.054306 87.04097 87.030052 87.025146 87.023483 87.023651 87.029045 87.036308 87.053596 87.081131 87.103127 * 87.403465 87.433823 87.305359 87.263 87.298149 87.333351 87.364403 87.398888 87.434021 87.471222 87.513718 87.550377 87.600319 87.68618 87.777252 87.863754 87.95015 88.042427 88.127335 88.213814 88.310478 88.332573 * * * * * 88.042778 88.052917 88.069443 88.10331 88.137169 88.167542 88.197296 88.224396 88.253181 88.288368 88.321045 88.364243 88.413483
87.71566 87.674446 87.631706 87.587929 87.543999 87.501198 87.458336 87.416847 87.376709 87.333786 87.293465 87.252968 87.209358 87.167999 87.128525 87.090881 87.059753 87.030594 87.005951 86.978317 86.958931 86.942024 86.929039 86.915421 86.909363 86.906967 86.904503 86.911041 86.919655 86.937332 86.947632 * 87.258446 87.359856 87.20742 87.136932 87.167824 87.205414 87.238937 87.273102 87.310852 87.349503 87.392303 87.437881 87.475311 87.534943 87.629601 87.724625 87.81472 87.90567 88.003258 88.093422 88.176735 88.25061 88.313965 88.367584 88.399162 88.321579 88.129128 * 87.968407 88.014175 88.04744 88.080956 88.112671 88.143005 88.174217 88.204468 88.23362 88.261436 88.286644 88.322151 88.373322
87.670265 87.625343 87.579521 87.534256 87.488792 87.443436 87.397224 87.349434 87.302917 87.258698 87.217438 87.172379 87.125595 87.082001 87.036049 86.99498 86.955093 86.920303 86.890984 * 86.840843 86.819992 86.805649 86.790047 86.782867 86.780594 86.779854 86.785019 86.79599 86.803444 * * 87.247551 87.108307 87.002968 87.030258 87.065239 87.10228 87.139702 87.177032 87.218437 87.26075 87.3088 87.357552 87.398727 87.467758 87.569443 87.668114 87.762131 87.857178 87.956314 88.050926 88.136826 88.199989 88.250237 88.295708 88.216782 88.003487 * 87.907837 87.948792 87.985497 88.021088 88.055923 * 88.119476 88.151009 88.182358 88.212852 88.242538 88.271469 88.299377 88.329147
87.622314 87.575302 87.528137 87.480743 87.432549 87.382401 87.33136 87.279655 87.229256 87.18203 87.134857 87.087158 87.039314 86.988953 86.940971 86.895233 86.849602 * * * * * 86.672569 86.656967 86.648903 86.644089 86.646271 86.652046 86.649712 * * 87.164299 86.994598 86.848488 86.872559 86.917046 86.951668 86.991821 87.031746 87.075676 87.121109 87.169899 87.221954 87.272858 87.321304 87.397514 87.506996 87.609566 87.707802 87.806732 87.90979 88.007561 88.084877 88.146164 88.202507 88.118355 87.901237 * * * * * * * 88.065987 88.099487 88.129936 88.161919 88.19355 88.224205 88.254013 88.283005 88.310791
87.574532 87.525513 87.475922 87.423302 87.370476 87.316429 87.262695 87.209236 87.155441 87.100159 87.047729 86.998871 86.946457 86.890808 86.838722 * * * * * * * 86.528519 86.513397 86.505127 86.496391 86.499329 86.502434 86.494209 * 87.008675 86.882057 86.646545 86.666924 86.74231 86.790947 86.831268 86.876045 86.920067 86.968216 87.017708 87.074089 87.132698 87.185532 87.23864 87.32579 87.443909 87.550514 87.653214 87.756042 87.864395 87.957382 88.025536 88.078003 88.014801 * * * * * * * * * 88.042236 88.077675 88.110893 88.143303 88.174774 88.205948 88.236725 88.266571 88.295547
87.530418 87.47863 87.426071 87.369987 87.31131 87.254768 87.198212 87.138695 87.081444 87.018829 86.960403 86.905792 86.847961 86.786919 * * * * * * * * * 86.357216 86.346001 86.336197 86.339882 86.316071 86.399063 86.818367 86.868324 86.488945 86.430504 86.522499 86.598274 86.656242 86.702339 86.749641 86.800713 86.856522 86.91317 86.973694 87.036377 87.093941 87.151199 87.247559 87.37188 87.483231 87.590851 87.69825 87.810196 87.893692 87.9543 87.941681 * * * * * * * * * * 88.018684 88.055481 88.090973 88.12439 88.155586 88.187927 88.21962 88.250328 88.280136
87.49128 87.436531 87.38044 87.323288 87.260384 87.198219 87.135796 87.070877 87.007744 86.940178 86.873436 86.809639 86.743813 86.678635 * * * * * * * * * * 86.176529 86.165672 * * 86.272545 86.617676 86.445465 86.225243 86.283417 86.364769 86.443939 86.513069 86.566032 86.61779 86.674408 86.736008 86.801491 86.868607 86.934196 86.999695 87.062035 87.157501 87.285545 87.405159 87.516792 87.632713 87.741409 87.817223 87.873573 87.865395 * * * * * * * * * 87.956116 87.994766 88.03157 88.068497 88.102592 88.136513 88.170174 88.202736 88.234314 88.264931
87.447533 87.389587 87.329926 87.26944 87.203621 87.135597 87.066742 86.997963 86.927208 86.854332 86.781097 86.709473 86.635788 86.565331 86.493561 * * * * * * * * * * * * * 86.036758 86.13739 86.061234 86.065178 86.120293 86.187775 86.272652 86.354866 86.415543 86.476639 86.542274 86.610031 86.682396 86.759377 86.830025 86.902039 86.968407 87.066177 87.198303 87.325661 87.445976 87.564819 87.662247 87.733406 87.796432 87.853813 87.91626 87.9795 88.038414 88.104828 * * * * * 87.931625 87.970772 88.007698 88.045692 88.082359 88.118034 88.152626 88.186119 88.218559 88.249992
87.399101 87.3377 87.274498 87.208862 87.138306 87.065681 86.992165 86.917976 86.840286 86.761009 86.682167 86.6036 86.523918 86.445076 86.365181 * * * * * * * * * * * * * 85.785767 85.822639 85.846939 85.896774 85.94339 86.003128 86.089096 86.185585 86.258232 86.325882 86.40097 86.47966 86.558731 86.641655 86.720497 86.800133 86.871338 86.977425 87.11795 87.25235 87.381073 87.493721 87.578094 87.648674 87.719063 87.785927 87.853333 87.91761 87.976318 88.04705 88.015182 * * * * 87.907227 87.947777 87.985764 88.024948 88.063019 88.099808 88.135376 88.169792 88.203102 88.235344
87.34993 87.284874 87.21814 87.146538 87.07061 86.992966 86.91497 86.83419 86.751549 86.666092 86.579468 86.492058 86.405594 86.317741 86.229706 * * * * * * * * * * * * * * 85.614983 85.658157 85.703751 85.757484 85.818481 85.900566 86.005157 86.090744 86.166504 86.251778 86.33947 86.429192 86.516678 86.605331 86.693466 86.772438 86.887947 87.03891 87.180588 87.309349 87.409081 87.489517 87.564629 87.638298 87.707535 87.773125 87.841232 87.904221 87.977196 87.957024 * * * 87.837814 87.883133 87.925156 87.964447 88.004868 88.044052 88.081902 88.118469 88.153816 88.187988 88.221039
87.300629 87.231873 87.160583 87.083069 87.003746 86.920868 86.836082 86.748024 86.659782 86.566879 86.471939 86.376305 86.280968 86.183121 86.08268 * * * * * * * * * * * * * 85.648041 85.387085 85.44117 85.492722 85.55558 85.624634 85.701416 85.807457 85.907471 85.996178 86.093056 86.189621 86.292679 86.388313 86.48629 86.58271 86.670708 86.796196 86.956085 87.10437 87.222504 87.31134 87.397346 87.479767 87.554298 87.629402 87.699844 87.769684 87.838577 87.915283 87.90406 * * * 87.812546 87.859428 87.90287 87.943489 87.985146 88.025475 88.064392 88.101952 88.138222 88.173248 88.207092
87.251221 87.178764 87.101379 87.018867 86.935547 86.846741 86.754845 86.660881 86.564346 86.462753 86.35907 86.255325 86.149391 86.042267 85.929451 * 86.311661 86.790939 86.923187 * * * * * * 85.952583 86.20385 86.161957 85.420914 85.135612 85.200836 85.260849 85.334076 85.412674 85.495453 85.598488 85.711426 85.816658 85.925919 86.033859 86.148544 86.254768 86.361595 86.465637 86.563667 86.699821 86.870224 87.015938 87.120186 87.212173 87.302826 87.392143 87.471138 87.548866 87.626427 87.697327 87.770851 87.852272 87.851479 * * * 87.78772 87.836227 87.881378 87.923019 87.965881 88.007355 88.047333 88.085876 88.123055 88.158928 88.193558
87.201881 87.125504 87.043236 86.955681 86.865219 86.769989 86.671463 86.571594 86.465828 86.35717 86.244186 86.129143 86.010826 85.89328 85.769165 85.658516 85.999779 86.592758 86.900597 86.813225 * * * * 86.221703 85.931206 86.155609 85.790749 84.973724 84.867401 84.932732 85.004944 85.090584 85.18251 85.278572 85.387566 85.506271 85.626221 85.746651 85.868156 85.996643 86.115158 86.231239 86.343086 86.451874 86.600945 86.777954 86.909676 87.010147 87.110451 87.206291 87.300072 87.387924 87.468842 87.550613 87.626862 87.701927 87.787605 87.797127 * * 87.711678 87.763496 87.813255 87.85907 87.902969 87.947136 87.989746 88.030769 88.070282 88.10836 88.145065 88.180473
87.152901 87.071899 86.984718 86.891922 86.794373 86.694344 86.588844 86.479904 86.364845 86.248268 86.124672 85.997223 85.86718 85.734718 85.598152 85.453499 85.544739 86.147842 86.612534 86.749832 * * * 86.755814 86.196777 85.902092 85.985092 85.275291 84.526779 84.561951 84.635101 84.721443 84.821404 84.928009 85.042419 85.167854 85.297699 85.430878 85.563934 85.69751 85.83625 85.966637 86.095634 86.217926 86.339394 86.502007 86.669861 86.791763 86.898087 87.005295 87.110405 87.20639 87.300697 87.387962 87.471657 87.554733 87.632042 87.719917 87.742737 * * 87.686348 87.739975 87.79039 87.836845 87.883492 87.928986 87.97271 88.014763 88.055229 88.094185 88.131706 88.16787
