trunk/raster/r.viewshed/testsuite/data/lake_viewshed.ascii
north: 216990
south: 215520
east: 635950
west: 633730
rows: 147
cols: 222
[rows 33 to 65 of 147, columns 0 to 72 of 222]
* * * 89.721962 89.586731 89.376266 89.236862 89.185234 89.167908 89.164474 89.156769 89.147675 89.134636 89.119301 89.11071 89.102722 89.094612 89.086372 89.078018 89.069527 89.060913 89.05217 89.043289 89.034271 89.025124 89.015831 89.006416 88.996918 88.986748 88.975388 88.965111 88.954994 88.944656 88.934174 88.923538 88.912743 88.901794 88.890694 88.879433 88.868011 88.85643 88.844688 88.832787 88.820732 88.808517 88.796143 88.783699 88.770317 88.761551 88.772987 88.76931 88.73259 88.705971 88.712036 88.71714 88.699791 88.672089 88.657532 88.63813 88.614975 88.596931 88.580864 88.565918 88.555473 88.542046 88.52845 88.516281 88.503975 88.490898 88.477257 88.464157 88.450027 88.436768
* * * 89.752869 89.636414 89.422264 89.251984 89.177002 89.158371 89.149231 89.142998 89.139572 89.128799 89.114799 89.106247 89.098137 89.089897 89.081528 89.073036 89.064407 89.055649 89.046753 89.03772 89.028549 89.019234 89.009773 89.000214 88.990181 88.978889 88.968323 88.958145 88.947754 88.937202 88.926491 88.915619 88.904587 88.893387 88.882027 88.870491 88.858795 88.846924 88.834885 88.822678 88.810303 88.79776 88.785042 88.772179 88.75898 88.742668 88.743248 88.759392 88.749969 88.717148 88.682007 88.681145 88.688705 88.682655 88.672569 88.648895 88.623123 88.597015 88.57029 88.551735 88.534096 88.519249 88.506599 88.493523 88.480392 88.466896 88.452408 88.438515 88.423996 88.409164
* * * 89.755074 89.677628 89.481155 89.283371 89.177528 89.14875 89.139687 89.132378 89.127304 89.119736 89.110085 89.101807 89.093575 89.085213 89.076714 89.068085 89.059319 89.050415 89.041367 89.032173 89.022842 89.013374 89.003761 88.993782 88.982628 88.971764 88.961555 88.951118 88.940521 88.929749 88.918808 88.9077 88.896423 88.884964 88.873337 88.861534 88.849548 88.837387 88.825043 88.812523 88.79982 88.786934 88.773872 88.760628 88.747307 88.732582 88.719635 88.720329 88.727249 88.723587 88.685715 88.652 88.642754 88.650337 88.660423 88.640961 88.617691 88.592842 88.573296 88.556877 88.523499 88.498077 88.483833 88.470337 88.456543 88.44249 88.426636 88.411674 88.397545 88.382088
* * * 89.797356 89.746086 89.568489 89.348526 89.195358 89.143501 89.137451 89.129578 89.121407 89.113441 89.105606 89.097404 89.089043 89.080551 89.071922 89.063156 89.054253 89.045197 89.036003 89.026657 89.017174 89.007446 88.997505 88.986649 88.975441 88.965218 88.954765 88.944115 88.933296 88.922302 88.911133 88.89978 88.888252 88.876534 88.864639 88.852554 88.840279 88.82782 88.81517 88.802322 88.789284 88.776054 88.762634 88.749016 88.735207 88.721497 88.705818 88.691528 88.682655 88.690117 88.691711 88.67469 88.629303 88.604012 88.613655 88.610764 88.585258 88.560272 88.550301 88.536613 88.508972 88.478439 88.461075 88.44648 88.432182 88.417427 88.40107 88.385094 88.369965 88.353905
* * * * 89.826836 89.685318 89.465919 89.246994 89.142441 89.133476 89.125694 89.117706 89.109589 89.101379 89.093033 89.084549 89.075928 89.067169 89.058266 89.049217 89.040016 89.03067 89.021172 89.011612 89.001144 88.990318 88.979584 88.969116 88.958664 88.947983 88.937126 88.926086 88.914864 88.903458 88.891861 88.880081 88.868103 88.855934 88.843567 88.831001 88.81823 88.805267 88.792091 88.778717 88.765129 88.751343 88.737343 88.723145 88.708725 88.694244 88.679054 88.662277 88.651573 88.65345 88.666687 88.635902 88.593246 88.573326 88.570251 88.562744 88.538879 88.509865 88.493736 88.480209 88.454704 88.436806 88.422127 88.407135 88.391472 88.374664 88.356972 88.340836 88.325272
* * * * 89.889153 89.782837 89.574646 89.32328 89.156174 89.12989 89.120949 89.113312 89.105522 89.097168 89.088692 89.080086 89.071342 89.062447 89.053406 89.04422 89.034874 89.025375 89.015701 89.005943 88.994904 88.983513 88.973328 88.962822 88.95211 88.941223 88.930153 88.918892 88.90744 88.895798 88.883957 88.871918 88.859673 88.847229 88.834572 88.821709 88.808632 88.795341 88.78183 88.768105 88.754158 88.739998 88.725609 88.711006 88.696182 88.681129 88.665855 88.650536 88.638176 88.633011 88.618004 * 88.602318 88.590858 88.555862 88.536469 88.521889 88.496269 88.48188 88.468994 88.441101 88.41729 88.399284 88.381256 88.363815 88.347038 88.32959 88.312378 88.29541
* * * * 89.939789 89.851433 89.677475 89.440666 89.239159 * * 89.106529 89.101913 89.092903 89.084396 89.075668 89.066788 89.05777 89.048592 89.039253 89.029762 89.020142 89.010056 88.999321 88.988586 88.977707 88.967209 88.956497 88.945587 88.934494 88.92321 88.911728 88.900047 88.888161 88.876068 88.86377 88.851257 88.838524 88.825577 88.812408 88.799019 88.7854 88.771553 88.757469 88.743156 88.728607 88.713829 88.698807 88.683548 88.668053 88.652321 88.636093 88.62458 88.61792 * * 88.605957 88.600777 88.563217 88.527 88.508492 88.487762 88.46579 88.452904 88.439705 88.417747 88.379982 88.35482 88.337318 88.319214 88.301437 88.283951 88.265114
* * * * 89.989548 89.945999 89.824371 89.616547 89.410751 * * * * 89.088066 89.080101 89.071289 89.062279 89.053116 89.0438 89.034332 89.024704 89.014816 89.003769 88.992699 88.982346 88.97184 88.961121 88.950203 88.939102 88.927795 88.916298 88.904587 88.89267 88.880547 88.868202 88.855637 88.84285 88.829834 88.816597 88.803116 88.789406 88.775452 88.761253 88.746811 88.732124 88.717186 88.701996 88.686554 88.67086 88.654907 88.638695 88.622276 88.604744 88.583832 88.578796 88.59597 88.575821 88.539856 88.520836 88.504341 88.480476 88.466301 88.464165 88.434761 88.409752 88.395897 88.360054 88.326942 88.310898 88.291519 88.271751 88.254417 88.235504
* * * * * 90.046303 89.987236 89.828293 89.662048 89.510666 89.378204 89.264542 89.152512 89.091873 89.075035 89.067093 89.057869 89.04863 89.039154 89.029472 89.019615 89.008835 88.997551 88.987198 88.976692 88.965973 88.955063 88.943962 88.932655 88.921143 88.909416 88.897484 88.88533 88.872963 88.860359 88.847534 88.834465 88.821167 88.807625 88.793831 88.779793 88.765503 88.750954 88.736145 88.721077 88.705742 88.690132 88.674255 88.658112 88.641685 88.624992 88.608017 88.590782 88.571915 88.562813 88.559891 88.527252 88.494385 88.47718 88.460587 88.437889 88.431587 88.43576 88.414238 88.392822 88.365761 88.328514 88.301094 88.282715 88.26387 88.243156 88.222961 88.203308
* * * * * * 90.100731 90.023575 89.922478 89.799034 89.649117 89.473457 89.263824 89.125961 89.076813 89.064957 89.057556 89.0513 89.039017 89.025261 89.013695 89.002647 88.992218 88.98175 88.971046 88.960152 88.949059 88.937759 88.926247 88.914528 88.902588 88.890419 88.878029 88.86541 88.852554 88.839455 88.826111 88.812523 88.798676 88.784569 88.770203 88.755562 88.740654 88.725479 88.710014 88.694267 88.678246 88.661926 88.645317 88.628418 88.611221 88.593727 88.575935 88.558052 88.538498 88.517685 88.499817 88.483025 88.463211 88.443199 88.423454 88.401764 88.377121 88.365524 88.368286 88.354179 88.306122 88.274734 88.254494 88.233513 88.212883 88.192047 88.17025
* * * * * * * 90.154671 90.092026 89.968651 89.797523 89.588249 89.356232 89.182732 89.097588 89.065262 * 89.059402 89.043701 89.02356 89.008308 88.997131 88.987038 88.976334 88.965462 88.954384 88.9431 88.931602 88.919891 88.907959 88.895798 88.883408 88.870781 88.85791 88.844788 88.831421 88.817795 88.803909 88.789757 88.77533 88.760628 88.745644 88.73037 88.714813 88.698952 88.682793 88.666336 88.649567 88.632484 88.615097 88.597389 88.579361 88.561012 88.542343 88.523384 88.50412 88.484489 88.464485 88.444244 88.423691 88.40284 88.381714 88.360519 88.336372 88.315285 88.308472 88.280449 88.248222 88.226707 88.20359 88.181091 88.159203 88.137497
* * * * * * * 90.228477 90.179924 90.036285 89.835068 89.618111 89.400299 89.231163 89.129837 89.078377 * 89.059685 89.045967 89.025902 89.010521 88.993721 88.981384 88.970978 88.95993 88.948677 88.937202 88.925514 88.913597 88.901451 88.889069 88.876442 88.863571 88.850449 88.837074 88.823433 88.809525 88.795341 88.780876 88.766121 88.751083 88.735748 88.720108 88.704163 88.687897 88.671326 88.654419 88.637192 88.619637 88.601738 88.583511 88.564934 88.546013 88.526749 88.507141 88.487183 88.466881 88.446228 88.42524 88.403915 88.382263 88.360283 88.337982 88.315475 88.292458 88.268417 88.245407 88.222366 88.198425 88.174393 88.150162 88.125771 88.102386
* * * * * * * 90.27523 90.226776 90.077065 89.861794 89.635956 89.427612 89.267883 89.165039 89.104317 * 89.068542 89.052055 89.029915 89.012497 88.991669 88.976532 88.965637 88.95446 88.943024 88.931366 88.919479 88.907356 88.894997 88.882393 88.869537 88.85643 88.843056 88.829414 88.815498 88.8013 88.786819 88.772041 88.756966 88.741577 88.725883 88.709869 88.693535 88.676865 88.659859 88.642517 88.624817 88.606773 88.588364 88.569595 88.550461 88.53096 88.511086 88.490829 88.4702 88.449196 88.427818 88.406059 88.383934 88.361443 88.338593 88.315392 88.291847 88.267975 88.24379 88.219307 88.19455 88.16954 88.14431 88.118889 88.093307 88.067459
* * * * * * * 90.305885 90.24675 90.095314 89.879669 89.656807 89.460335 89.309258 89.206192 89.134956 * 89.091438 89.069412 89.040192 89.013832 88.990761 88.971069 88.95993 88.949066 88.937439 88.925591 88.913513 88.901184 88.888611 88.875786 88.862701 88.84935 88.835724 88.821815 88.807625 88.793137 88.778351 88.76326 88.747856 88.732124 88.716072 88.699677 88.682945 88.665863 88.64843 88.630623 88.612457 88.59391 88.574982 88.555664 88.535957 88.515854 88.495354 88.474442 88.453125 88.431396 88.409264 88.386719 88.363762 88.340408 88.31665 88.292503 88.267975 88.243073 88.217812 88.192215 88.16629 88.140076 88.113586 88.086868 88.059914 88.03154
* * * * * * * 90.324387 90.267303 90.104378 89.884789 89.680084 89.504959 89.358658 89.244507 89.165459 89.132126 89.119263 89.096016 89.061378 89.019402 88.9888 88.966156 88.954285 88.943741 88.931931 88.919891 88.907616 88.895088 88.882301 88.869255 88.855934 88.842339 88.828461 88.814285 88.79982 88.785042 88.769951 88.754547 88.738808 88.722733 88.706314 88.689537 88.672409 88.654907 88.637024 88.618767 88.600113 88.581062 88.5616 88.541733 88.521439 88.500725 88.479576 88.457993 88.435966 88.413498 88.390587 88.367226 88.343422 88.319168 88.294472 88.269348 88.24379 88.217812 88.191429 88.164658 88.13752 88.110031 88.082222 88.054214 88.025032 87.993439
* * * * * * * 90.347885 90.298386 90.140785 89.928322 89.736526 89.571716 89.426086 89.298996 89.207664 89.16468 89.144211 89.12307 89.089676 89.034935 88.99395 88.964516 88.949219 88.938477 88.926491 88.914268 88.901794 88.889069 88.876068 88.862801 88.849243 88.835411 88.821274 88.806839 88.792091 88.777023 88.761635 88.745903 88.729828 88.713402 88.696617 88.679459 88.661926 88.643997 88.625679 88.606949 88.587807 88.568245 88.548248 88.527809 88.50692 88.48558 88.463776 88.441498 88.418755 88.395523 88.371811 88.34761 88.322922 88.297745 88.272079 88.245934 88.219307 88.192215 88.164658 88.136665 88.108246 88.079544 88.049927 88.019119 87.987717 87.956451
* * * * * * * 90.37178 90.331856 90.203957 90.021683 89.844475 89.678757 89.528465 89.391365 89.276741 89.20639 89.169159 89.145454 89.116638 89.064705 89.016594 88.969406 88.944801 88.933258 88.921143 88.90873 88.896065 88.883133 88.869919 88.85643 88.842644 88.828568 88.814178 88.799477 88.784447 88.769096 88.753395 88.737343 88.72094 88.704163 88.687004 88.669456 88.651512 88.633163 88.614395 88.595192 88.575554 88.555466 88.53492 88.513908 88.492416 88.470436 88.44796 88.424988 88.401497 88.377487 88.352951 88.327888 88.302292 88.276154 88.249489 88.222282 88.19455 88.16629 88.137512 88.108299 88.078468 88.047134 88.015137 87.982719 87.950958 87.919052
* * * * * * * 90.389359 90.369514 90.278091 90.123993 89.961868 89.799828 89.644638 89.506676 89.371094 * * * * 89.121475 89.054588 88.972404 88.938904 88.928192 88.915878 88.903282 88.890419 88.877289 88.863861 88.850151 88.836136 88.821815 88.807175 88.792206 88.776901 88.761253 88.745255 88.728882 88.712135 88.695007 88.677475 88.659546 88.64119 88.622406 88.603188 88.583511 88.56337 88.542755 88.521652 88.500053 88.477951 88.455322 88.432167 88.408463 88.384216 88.359406 88.33403 88.308075 88.281548 88.254425 88.226723 88.198425 88.169533 88.140106 88.110252 88.078781 88.046265 88.013138 87.980301 87.947502 87.914345 87.880676
* * * * * * * 90.40834 90.398552 90.338531 90.213898 90.063828 89.919571 89.787018 89.655624 89.49778 * * * * 89.22493 89.126053 88.98848 88.929031 88.922562 88.910995 88.898109 88.884842 88.871536 88.85791 88.843971 88.829727 88.81517 88.800278 88.785042 88.769463 88.753525 88.737213 88.72052 88.703438 88.685959 88.668053 88.649727 88.630966 88.611748 88.592072 88.571915 88.55127 88.530121 88.508461 88.486267 88.463531 88.440247 88.416397 88.39196 88.366943 88.341316 88.315071 88.288216 88.260719 88.23259 88.203812 88.1744 88.144524 88.113472 88.081001 88.047447 88.013649 87.980286 87.946381 87.912163 87.876282 87.839279
* * * * * * * 90.430214 90.41951 90.377113 90.286644 90.159729 90.044266 89.943535 89.809212 * * * * * 89.362862 89.244003 89.056007 88.940315 88.909515 88.900536 88.890625 88.879814 88.865898 88.852058 88.837906 88.823433 88.808632 88.793488 88.777992 88.762131 88.745903 88.729286 88.71228 88.694862 88.677017 88.658745 88.64003 88.62085 88.601196 88.581062 88.560425 88.539268 88.517586 88.495354 88.472565 88.449196 88.42524 88.400681 88.375504 88.349693 88.323235 88.296112 88.268318 88.239838 88.210655 88.180885 88.150299 88.118057 88.08477 88.050636 88.016769 87.982414 87.947731 87.911819 87.874367 87.835785 87.796921
* * * * * * * 90.448715 90.440681 90.403717 90.338081 90.243774 90.152748 90.057747 89.904472 * * * * * 89.50795 89.413612 89.214882 89.039093 88.935921 88.899231 88.885101 88.871796 88.860771 88.846413 88.831947 88.817253 88.802208 88.786819 88.771057 88.754929 88.738411 88.721489 88.704163 88.686401 88.668213 88.649567 88.630455 88.610863 88.590775 88.570175 88.549049 88.527382 88.505157 88.482353 88.458961 88.434959 88.410324 88.385048 88.359116 88.332497 88.305191 88.277168 88.248413 88.218979 88.188965 88.157211 88.124222 88.09021 88.056145 88.021751 87.986847 87.951065 87.913414 87.874634 87.834915 87.795525 87.755699
* * * * * * * 90.472542 90.463577 90.429718 90.373283 90.304245 90.226448 90.118607 * * * * * * * 89.634155 89.478996 89.262268 89.067894 88.95768 * * 88.848351 88.84063 88.826416 88.811142 88.795914 88.780273 88.764259 88.747856 88.731049 88.713829 88.696182 88.678093 88.659546 88.640526 88.621025 88.601021 88.580498 88.559433 88.537827 88.51564 88.492867 88.46949 88.445488 88.420837 88.395523 88.369522 88.342819 88.315392 88.287216 88.258301 88.228806 88.198029 88.165741 88.132042 88.097832 88.063713 88.028877 87.993484 87.956116 87.91729 87.877274 87.837166 87.796768 87.755836 87.71405
* * * * * * * 90.502487 90.49173 90.456512 90.396355 90.332344 90.250809 * * * * * * * * 89.840233 89.75341 89.548378 89.335281 89.176926 89.030342 88.919792 88.848648 88.824692 88.816063 88.805878 88.789879 88.773857 88.757599 88.740921 88.723831 88.706314 88.688347 88.669922 88.651031 88.631645 88.611748 88.591331 88.570374 88.548851 88.526749 88.504051 88.480736 88.456779 88.432167 88.40686 88.380859 88.354126 88.326645 88.298393 88.269356 88.239563 88.208214 88.1754 88.141548 88.107666 88.073151 88.038231 88.001732 87.963402 87.923485 87.882851 87.842308 87.801033 87.75914 87.715096 87.669304
* * * * * * * 90.529396 90.517464 90.478683 90.41568 90.337959 * * * * * * * * * * 89.95137 89.829147 89.682655 89.553497 89.373154 89.120461 88.917633 * 88.811661 88.793671 88.783447 88.767815 88.751083 88.734138 88.716766 88.698952 88.680679 88.661926 88.642677 88.622925 88.602646 88.581818 88.560425 88.538445 88.515854 88.492645 88.468781 88.444244 88.419014 88.393059 88.366364 88.338898 88.310631 88.281548 88.251579 88.219589 88.185745 88.152649 88.118721 88.084099 88.048256 88.010368 87.971321 87.931305 87.890816 87.849701 87.8078 87.763733 87.71801 87.67054 87.622742
* * * * * * * 90.559166 90.53875 90.494194 90.427299 * * * * * * * * * * * * 90.059044 89.99868 89.91581 89.744019 89.429337 89.122032 88.955551 88.873886 88.802605 88.774971 88.761292 88.744743 88.727524 88.709869 88.691765 88.67318 88.654099 88.634514 88.614395 88.593727 88.572487 88.550667 88.528229 88.505157 88.48143 88.457024 88.431908 88.406059 88.379456 88.352066 88.323853 88.2948 88.264877 88.233978 88.200478 88.166473 88.133041 88.098289 88.062424 88.025299 87.985062 87.944893 87.904541 87.863075 87.818779 87.774002 87.727905 87.678703 87.630203 87.580948
* * * * * * * 90.588608 90.557381 90.500114 90.424408 * * * * * * * * * * * * * 90.192734 90.131836 89.981186 89.692223 89.347015 89.119965 88.983635 88.8498 88.772675 88.753395 88.738564 88.721077 88.703156 88.684753 88.665863 88.646461 88.626534 88.606056 88.585007 88.56337 88.541115 88.518227 88.494675 88.470436 88.445488 88.419792 88.393333 88.366074 88.33799 88.309036 88.279198 88.248421 88.216667 88.183487 88.14962 88.114891 88.078926 88.041832 88.00354 87.963455 87.922585 87.880714 87.837402 87.791092 87.743546 87.696228 87.646736 87.59642 87.544632
* * * * * * 90.616623 90.604866 90.564064 90.49807 * * * * * * * * * * * * * * 90.272591 90.216576 90.044395 89.74691 89.453133 89.251183 89.041527 88.86541 88.770653 88.746819 88.732544 88.714813 88.696617 88.67794 88.658745 88.63903 88.618767 88.597931 88.576508 88.554474 88.531799 88.508461 88.484428 88.459686 88.434196 88.407928 88.380859 88.352951 88.324165 88.294472 88.26384 88.232224 88.199593 88.166008 88.131256 88.095284 88.058151 88.019783 87.980148 87.939316 87.897026 87.853249 87.808029 87.76104 87.712372 87.662743 87.611565 87.558533 87.503853
* * * * * * 90.645149 90.615433 90.563599 * * * * * * * * * * * * * * * 90.317848 90.256363 90.05735 89.729416 89.578453 89.440399 89.095322 88.832085 88.750916 88.742073 88.726791 88.708733 88.690285 88.671326 88.65184 88.631813 88.611221 88.590034 88.568245 88.545815 88.52272 88.49894 88.474442 88.449196 88.423172 88.396339 88.36866 88.340103 88.310631 88.280205 88.248779 88.216316 88.18277 88.148102 88.112259 88.075188 88.03685 87.997185 87.956146 87.913681 87.869728 87.824234 87.777153 87.728516 87.6782 87.625999 87.572037 87.516258 87.458618
* * * * * 90.68206 90.673355 90.631355 * * * * * * * * * * * * * * * * 90.372581 90.31089 90.137283 * 89.793442 89.699593 89.261185 88.878952 * 88.733513 88.721504 88.702866 88.684151 88.664925 88.645149 88.624817 88.603905 88.582382 88.560226 88.537407 88.513908 88.489693 88.464729 88.438995 88.412445 88.385048 88.356773 88.327576 88.297417 88.266258 88.234047 88.200737 88.16629 88.130653 88.093765 88.055573 88.016029 87.97506 87.932617 87.888634 87.843048 87.795784 87.746788 87.695992 87.643326 87.588737 87.53215 87.473518 87.412796
* * * * * * * * * * * * * * * * * * * * * * * * 90.439758 90.391739 90.265656 * 90.008499 89.928391 89.496391 89.061127 88.801308 88.723618 88.71476 88.697212 88.678246 88.658745 88.638695 88.618073 88.59684 88.574982 88.552475 88.529282 88.505379 88.480736 88.455322 88.4291 88.402031 88.374084 88.345222 88.315392 88.284554 88.25267 88.219681 88.185539 88.150192 88.113586 88.075661 88.036346 87.99559 87.953323 87.90947 87.863953 87.816711 87.767662 87.716721 87.663811 87.608856 87.551773 87.492485 87.430908 87.366982
* * * * * * * * * * * * * * * * * * * * * * * * 90.504745 90.480293 90.399429 * 90.221085 90.102379 89.69548 89.252892 88.908539 88.728477 88.700928 88.691734 88.672554 88.652809 88.632484 88.611572 88.590034 88.567856 88.544998 88.521439 88.497147 88.472092 88.446228 88.419533 88.39196 88.363472 88.33403 88.303581 88.272079 88.239479 88.205727 88.170761 88.134521 88.096962 88.057999 88.01757 87.975609 87.932037 87.886765 87.839722 87.790817 87.73996 87.68705 87.632004 87.574722 87.515091 87.453033 87.388428 87.32119
* * * * * * * * * * * * * * * * * * * * * * * * * 90.55278 90.510445 * 90.414406 90.251411 89.872551 89.441719 89.06572 88.797325 88.697647 88.684135 88.667999 88.647018 88.626534 88.605339 88.583511 88.561012 88.537827 88.513908 88.489235 88.463776 88.437485 88.410324 88.382263 88.353241 88.323235 88.292175 88.260025 88.226723 88.192215 88.156433 88.119331 88.080818 88.04084 87.999306 87.956146 87.911278 87.864601 87.816025 87.76545 87.712776 87.657898 87.600685 87.541039 87.478836 87.41394 87.346237 87.275597
* * * * * * * * * * * * * * * * * * * * * * * * * * * * 90.553604 90.41275 90.110817 89.744225 89.352898 88.994324 88.769371 88.685501 88.659126 88.64212 88.620865 88.599388 88.577271 88.554474 88.53096 88.506699 88.481667 88.455811 88.4291 88.401497 88.372948 88.343422 88.312859 88.281212 88.248421 88.214439 88.179192 88.142624 88.104652 88.065216 88.024231 87.981613 87.937271 87.891121 87.843048 87.792946 87.740715 87.686234 87.629372 87.569992 87.507965 87.443146 87.375381 87.30452 87.230408
