trunk/raster/r.viewshed/testsuite/data/lake_viewshed.ascii
north: 216990
south: 215520
east: 635950
west: 633730
rows: 147
cols: 222
[rows 66 to 98 of 147, columns 146 to 218 of 222]
88.191338 88.225609 88.258667 88.290573 88.321381 88.351143 88.379913 88.40773 88.434647 88.460701 88.485931 88.510376 88.534065 88.557037 88.579338 88.601006 88.621956 88.642349 88.662163 88.681442 88.698486 88.721794 88.766426 88.803482 88.850098 88.881943 88.90554 88.927277 88.959251 88.985001 88.993752 89.016106 89.046661 89.075996 89.124001 89.187119 89.262695 89.355804 89.451332 89.532661 89.605873 89.668785 89.731003 89.797684 89.846375 89.874207 89.891411 89.9077 89.922745 89.931641 89.947281 89.969749 89.988136 90.003029 90.0299 90.052956 90.064644 90.067101 90.074074 90.0672 * * * * * * * * * * * * *
88.180473 88.215355 88.248978 88.28141 88.312706 88.342926 88.372116 88.400337 88.42762 88.454018 88.479576 88.504318 88.528297 88.551537 88.574081 88.595947 88.617165 88.637772 88.657784 88.677185 88.69429 88.720749 88.770149 88.822746 88.871872 88.899513 88.914688 88.931015 88.951233 88.971474 88.978821 88.997513 89.032845 89.059975 89.094826 89.154755 89.22773 89.309807 89.404053 89.496185 89.585701 89.660599 89.725433 89.786011 89.831001 89.856606 89.863716 89.870827 89.881226 89.885994 89.898727 89.910652 89.925095 89.946663 89.979767 90.003899 90.01622 90.021393 90.024742 * * * * * * * * * * * * * *
88.170181 88.20565 88.239815 88.272743 88.304512 88.335159 88.364761 88.393349 88.42099 88.447723 88.473579 88.498619 88.522865 88.546364 88.569138 88.591232 88.612663 88.633469 88.653671 88.673264 88.696671 88.738457 88.779045 88.823112 88.865334 88.882576 88.89785 88.918243 88.938438 88.951462 88.962547 88.984261 89.022141 89.05249 89.077385 89.122337 89.197754 89.281311 89.377007 89.477859 89.576004 89.659332 89.727951 89.776611 89.814674 89.8367 89.836296 89.838631 89.84214 89.840126 89.844498 89.854881 89.867249 89.892265 89.928116 89.949936 89.962486 89.970406 89.972656 89.96772 * * * * * * * * * * * * *
88.160492 88.19651 88.231194 88.264603 88.296814 88.327873 88.357857 88.386803 88.41478 88.441818 88.467972 88.493279 88.517784 88.541519 88.564522 88.586823 88.608452 88.629448 88.649826 88.670029 88.704201 88.757866 88.784966 88.808205 88.837967 88.854156 88.872688 88.894722 88.919289 88.929207 88.942314 88.972771 89.010712 89.044441 89.07222 89.109886 89.178352 89.266556 89.376396 89.485504 89.582108 89.668655 89.731171 89.770386 89.799644 89.80941 * * * 89.797165 * 89.801346 89.816177 89.841537 89.870735 89.893463 89.90995 89.913513 89.915421 89.917511 * * * * * * * * * * * * *
88.151443 88.187988 88.223152 88.257011 88.289635 88.321083 88.351425 88.380714 88.408997 88.436333 88.462753 88.488319 88.513062 88.537025 88.560234 88.582733 88.604546 88.625717 88.646255 88.666504 88.696701 88.743729 88.774307 88.791061 88.815208 88.838318 88.855026 88.870445 88.888138 88.900887 88.926537 88.960709 88.996513 89.031029 89.067497 89.113899 89.179062 89.269249 89.379715 89.494133 89.596405 89.687263 89.73996 89.766487 89.785446 89.791031 * * * * * * * 89.794022 89.810989 89.832779 89.854019 89.855347 89.858841 89.867958 89.870773 * * * * * * * * * * * *
88.143059 88.180092 88.215714 88.249992 88.283005 88.314812 88.34549 88.375084 88.403664 88.431267 88.457947 88.483749 88.508713 88.532875 88.556282 88.578964 88.600952 88.622284 88.642975 88.663086 88.683411 88.711632 88.743256 88.765076 88.790359 88.819565 88.84095 88.855453 88.865219 88.882195 88.912994 88.943901 88.976692 89.011734 89.063301 89.124489 89.196548 89.288246 89.390129 89.502335 89.609428 89.69561 89.74411 89.766747 89.779633 89.779121 * * * * * * * * * 89.775208 89.791519 89.802696 89.81115 89.822006 89.83194 * * * * * * * * * * * *
88.135376 88.172867 88.2089 88.243568 88.276932 88.309082 88.340065 88.369949 88.398788 88.426643 88.453552 88.479576 88.504738 88.529099 88.552681 88.575531 88.597679 88.619156 88.639984 88.660194 88.678902 88.697655 88.71949 88.738907 88.760551 88.787102 88.814911 88.838264 88.858971 88.883476 88.9011 88.923454 88.953987 88.99086 89.058571 89.137115 89.219978 89.315033 89.411606 89.50956 89.606216 89.680397 89.732391 89.758438 89.768532 * * * * * * * * * * * * 89.747406 89.761078 89.773216 89.791023 89.792709 * * * * * * * * * * *
88.128426 88.166321 88.202736 88.237755 88.271454 88.303894 88.335159 88.365311 88.394394 88.42247 88.449593 88.475807 88.50116 88.525688 88.549438 88.572441 88.594711 88.616402 88.637398 88.657623 88.677444 88.69632 88.714111 88.731148 88.748894 88.767731 88.788857 88.812714 88.841888 88.877571 88.897102 88.909035 88.933517 88.972626 89.045525 89.143219 89.234886 89.33004 89.422104 89.506927 89.588043 89.646599 89.697983 89.730133 89.741478 * * * * * * * * * * * * * * 89.719124 89.742233 89.750977 * * * * * * * * * * *
88.122223 88.160492 88.19725 88.232582 88.266571 88.299286 88.330803 88.361183 88.39048 88.418762 88.446075 88.472466 88.497978 88.522667 88.546562 88.569824 88.592346 88.613762 88.634712 88.65554 88.675385 88.694466 88.712944 88.73159 88.749153 88.765533 88.781181 88.798988 88.817009 88.849846 88.880821 88.896339 88.922737 88.96109 89.022972 89.127541 89.225586 89.316818 89.404182 89.48349 89.555374 89.599335 89.64267 89.685478 89.712608 * * * * * * * * * * * * * * * 89.692871 89.703545 89.703239 89.703094 * * * * * * * * *
88.116798 88.155396 88.192451 88.228058 88.262306 88.295258 88.326996 88.357574 88.38707 88.415527 88.443001 88.469551 88.495201 88.520096 88.544205 88.566986 88.589378 88.610481 88.631264 88.652977 88.672852 88.69175 88.709831 88.729149 88.746971 88.76432 88.781631 88.797691 88.810867 88.828613 88.850616 88.873459 88.904205 88.936501 88.988724 89.089226 89.188484 89.271103 89.349091 89.422028 89.485664 89.529282 89.574081 89.630486 89.682747 * * * * * * * * * * * * * * * 89.653572 89.667229 89.668823 * * 89.66243 * * * * * * *
88.112167 88.151047 88.188362 88.224205 88.258667 88.291824 88.323753 88.354507 88.384163 88.412773 88.440384 88.467094 88.493042 88.517723 88.541275 88.563461 88.585617 88.607315 88.628387 88.649635 88.669609 88.688858 88.70739 88.726265 88.744102 88.761566 88.77948 88.796516 88.813179 88.825409 88.837761 88.853859 88.874832 88.896942 88.936638 89.018303 89.115433 89.192276 89.261009 89.329659 89.392769 89.44371 89.493919 89.559654 89.625641 89.639648 * * * * * * * * * * * * * 89.591042 89.621788 89.62928 * * * 89.626228 * * * * * * *
88.10836 88.147461 88.18499 88.221039 88.255684 88.289009 88.321083 88.35199 88.381775 88.410606 88.438446 88.465096 88.490646 88.514694 88.537766 88.560745 88.583282 88.605453 88.626869 88.647446 88.667572 88.687141 88.706184 88.72448 88.742378 88.759842 88.777077 88.794334 88.810959 88.825302 88.838211 88.849258 88.862556 88.877762 88.894234 88.935379 89.007896 89.072708 89.141129 89.225937 89.30336 89.360863 89.410965 89.470314 89.529533 89.574402 * * * * * * * * * * * * * 89.559189 89.583138 * * * 89.575027 89.580193 * * * * * * *
88.105377 88.144661 88.182358 88.218559 88.253342 88.286804 88.318993 88.35006 88.380074 88.408546 88.436089 88.462646 88.487381 88.511795 88.535706 88.559433 88.582291 88.604378 88.625793 88.646561 88.666718 88.686279 88.705276 88.723732 88.741669 88.759094 88.775917 88.792603 88.809105 88.823074 88.835625 88.849792 88.864326 88.878326 88.887444 88.900475 88.926041 88.959778 89.013763 89.109009 89.205368 89.271713 89.318367 89.36615 89.412727 89.470337 89.512291 * * * * * * * * * * * 89.493401 89.521431 89.534866 * * * * 89.52771 89.531914 89.532257 * * * 89.533798 89.560005
88.103241 88.142654 88.180473 88.216782 88.251671 88.28524 88.317657 88.348618 88.378181 88.405838 88.432892 88.459816 88.485199 88.510452 88.534958 88.55854 88.58139 88.603523 88.624977 88.64579 88.66597 88.68557 88.704597 88.723076 88.741043 88.758507 88.775513 88.792229 88.80748 88.820343 88.834229 88.849434 88.863998 88.878113 88.892525 88.904221 88.911057 88.921814 88.942947 89.00135 89.083389 89.144058 89.180695 89.228424 89.282997 89.348419 89.407143 89.432167 * * * * 89.447517 89.457649 * * * * 89.466927 89.483513 * * * * * 89.484917 89.499725 89.511246 89.512527 * * 89.521255 89.56868
88.101952 88.141449 88.179329 88.215767 88.250816 88.284332 88.316429 88.346741 88.375481 88.403671 88.431297 88.458427 88.484695 88.509949 88.534355 88.557983 88.580856 88.603012 88.624489 88.645325 88.665527 88.685143 88.704185 88.722687 88.740669 88.758156 88.775337 88.791534 88.804985 88.818741 88.834206 88.849167 88.863724 88.877922 88.891769 88.905365 88.919037 88.929558 88.937798 88.951851 88.98336 89.016052 89.038635 89.078751 89.135872 89.210762 89.277565 89.340752 89.377838 89.377014 89.378632 89.3909 89.406723 89.415405 * * * 89.416679 89.442192 89.448471 * * * * 89.448074 89.458443 89.475922 89.493439 89.495102 * * 89.539894 89.605904
88.101524 88.141037 88.179016 88.215279 88.249855 88.283318 88.314346 88.344635 88.374115 88.403275 88.431358 88.458374 88.484497 88.509743 88.534157 88.557793 88.580673 88.602844 88.624329 88.645164 88.665382 88.684998 88.704048 88.722557 88.740547 88.75811 88.774818 88.789108 88.803078 88.818748 88.834129 88.849068 88.863632 88.877831 88.891685 88.905197 88.91835 88.931519 88.944649 88.951973 88.958244 88.97049 88.982498 88.999161 89.024864 89.082397 89.156334 89.230232 89.28746 89.307983 89.324478 89.348801 89.361473 89.361565 * * 89.369331 89.393539 89.417435 89.418449 * * * 89.421219 89.428986 89.441093 89.456879 89.46965 * * 89.511093 89.585014 89.638786
88.101952 88.141472 88.17939 88.214371 88.248032 88.281746 88.313187 88.344353 88.374596 88.403603 88.431587 88.458603 88.484711 88.509949 88.534355 88.557983 88.580856 88.603012 88.624489 88.645325 88.665527 88.685143 88.704185 88.722687 88.7407 88.758011 88.773376 88.787277 88.80294 88.818832 88.834229 88.849159 88.863724 88.877922 88.891769 88.905273 88.918457 88.931328 88.94384 88.956573 88.968475 88.979271 88.988831 88.995758 89.002022 89.020622 89.064812 89.133102 89.198006 89.23484 89.261292 89.290276 89.312767 89.317169 89.318733 89.326637 89.344635 89.376663 89.396805 * * * * 89.401955 89.410522 89.426346 89.434975 * 89.444244 89.476852 89.546684 89.614647 89.653419
88.103233 88.142838 88.179955 88.21357 88.247971 88.281654 88.314194 88.345383 88.375404 88.404366 88.432304 88.45929 88.485367 88.510567 88.53495 88.55854 88.58139 88.603523 88.624977 88.64579 88.66597 88.68557 88.70459 88.723114 88.740982 88.757156 88.772842 88.788513 88.803894 88.81942 88.834488 88.849442 88.863991 88.878181 88.892021 88.905518 88.918694 88.931557 88.944115 88.956383 88.968376 88.980057 88.99173 89.003304 89.014534 89.019226 89.029823 89.071472 89.129669 89.166786 89.198868 89.232521 89.261917 89.279259 89.286743 89.301834 89.328674 89.363159 89.383018 * * * * * 89.392731 89.405502 89.414116 89.42321 89.461044 89.517838 89.580894 89.634918 89.677048
88.105392 88.144936 88.180923 88.215034 88.249939 88.283447 88.315712 88.346794 88.376747 88.405632 88.43351 88.460434 88.48645 88.511597 88.535927 88.559479 88.582283 88.604378 88.625793 88.646561 88.666718 88.686272 88.705299 88.723808 88.740677 88.756538 88.773689 88.790268 88.805901 88.82048 88.834915 88.849915 88.864449 88.878616 88.892441 88.90593 88.91909 88.931938 88.944481 88.956741 88.968712 88.980415 88.991859 89.003044 89.013947 89.025116 89.033684 89.044914 89.076645 89.114258 89.154236 89.195778 89.220543 89.233528 89.245422 89.275574 89.320671 89.358467 89.370811 * * * * * 89.375191 89.383202 89.411934 89.448845 89.497246 89.554787 89.614532 89.67292 89.716118
88.108452 88.147026 88.182381 88.217575 88.252266 88.28566 88.317802 88.348763 88.378609 88.407402 88.435188 88.462029 88.487961 88.513039 88.5373 88.560783 88.583527 88.60556 88.626923 88.647644 88.667747 88.687286 88.706337 88.72406 88.74015 88.757454 88.77449 88.791122 88.806877 88.820839 88.83564 88.850578 88.865082 88.879234 88.893028 88.906494 88.919632 88.932465 88.944992 88.95723 88.969193 88.980873 88.992302 89.003471 89.014404 89.025093 89.03569 89.04245 89.05233 89.08345 89.124382 89.166649 89.189522 89.196678 89.216209 89.256187 89.308205 89.347519 89.350189 * * * * * 89.359962 89.386147 89.435883 89.479828 89.51918 89.58078 89.654022 89.716942 89.752258
88.1119 88.148598 88.1847 88.220734 88.255264 88.28849 88.320473 88.351295 88.381004 88.409668 88.43734 88.464073 88.489906 88.514885 88.539055 88.562454 88.585121 88.607086 88.62838 88.649033 88.669083 88.688622 88.707092 88.723701 88.741142 88.758606 88.77552 88.792183 88.807083 88.821266 88.836578 88.851425 88.865898 88.880013 88.893784 88.907227 88.920341 88.933144 88.945648 88.957863 88.969803 88.981468 88.992874 89.004028 89.014938 89.025612 89.036041 89.046524 89.054451 89.069527 89.096153 89.134369 89.165672 89.179749 89.201286 89.245232 89.290138 89.312927 * * * * * 89.333565 89.368645 89.420494 89.470078 89.506042 89.548622 89.621559 89.693718 89.741257 89.767166
88.114777 88.151627 88.188881 88.224594 88.258904 88.291924 88.323723 88.354362 88.383911 88.41243 88.439957 88.466553 88.492264 88.517136 88.541199 88.564499 88.587067 88.60894 88.63015 88.650726 88.670738 88.689865 88.707092 88.72467 88.742569 88.759903 88.776772 88.793358 88.808418 88.822472 88.837646 88.852455 88.86689 88.880974 88.894707 88.908112 88.921196 88.933968 88.946449 88.958633 88.970543 88.982185 88.993568 89.0047 89.015587 89.026237 89.036667 89.046883 89.056923 89.065704 89.076904 89.105896 89.143272 89.167892 89.187805 89.224068 89.252022 89.257492 * * 89.273033 89.298515 89.329597 89.367645 89.419411 89.462204 89.500412 89.539635 89.593323 89.663361 89.721352 89.746613 89.763901
88.118423 88.156822 88.193726 88.229126 88.263176 88.295959 88.327538 88.357971 88.387337 88.415672 88.443031 88.469475 88.495041 88.519775 88.543716 88.566895 88.589355 88.611122 88.632233 88.652733 88.672447 88.690361 88.708038 88.726402 88.744171 88.761444 88.778252 88.794777 88.809776 88.823784 88.838905 88.853668 88.868065 88.882103 88.895798 88.909164 88.922211 88.934944 88.947388 88.959541 88.97142 88.983032 88.994392 89.005493 89.016357 89.026985 89.037384 89.047569 89.057556 89.067383 89.074852 89.088898 89.116226 89.152458 89.184402 89.198631 * 89.20549 89.225868 89.237564 89.267937 89.330269 89.372772 89.419243 89.468384 89.496284 89.531204 89.578522 89.629417 89.679565 89.722115 89.745262 89.764839
88.124481 88.162743 88.199226 88.234306 88.268074 88.300583 88.331909 88.362114 88.391251 88.419388 88.446564 88.472832 88.49823 88.522804 88.5466 88.569649 88.59198 88.613647 88.634659 88.654938 88.673576 88.69133 88.710121 88.72834 88.746017 88.763214 88.779953 88.79641 88.811356 88.825302 88.840363 88.855072 88.869408 88.8834 88.897049 88.91037 88.92337 88.936066 88.948471 88.960594 88.972435 88.984016 88.995331 89.006409 89.017242 89.02784 89.038216 89.04837 89.058311 89.068031 89.077751 89.085373 89.098831 89.132866 89.164604 89.175873 * 89.188446 89.220367 89.232872 89.282028 89.36174 89.405853 89.449066 89.488586 89.516098 89.548203 89.594246 89.636803 89.670418 89.701195 89.734634 89.761818
88.13163 88.169289 88.205399 88.240128 88.273567 88.305771 88.336815 88.36676 88.39566 88.423569 88.450531 88.476601 88.501816 88.526222 88.54985 88.572762 88.594933 88.616333 88.63726 88.656799 88.674637 88.693756 88.712425 88.730515 88.7481 88.765213 88.781868 88.798256 88.813156 88.827011 88.842003 88.856651 88.870934 88.884865 88.89846 88.911728 88.924683 88.93734 88.949699 88.961769 88.973579 88.985115 88.996399 89.007439 89.018242 89.028809 89.039146 89.049278 89.059189 89.068909 89.078423 89.087616 89.096878 89.11142 89.123032 89.146034 89.170227 89.187782 89.218559 89.24472 89.298012 89.369614 89.412918 89.449837 89.480988 89.508011 89.537094 89.576668 89.616554 89.650391 89.679222 89.710197 89.739258
88.139435 88.176537 88.212227 88.246567 88.279648 88.311516 88.342255 88.37191 88.400543 88.4282 88.454933 88.480782 88.505791 88.530006 88.553459 88.576149 88.597916 88.618172 88.638916 88.658188 88.677338 88.696457 88.714943 88.732925 88.75042 88.767433 88.784004 88.800262 88.815102 88.828911 88.843826 88.858406 88.872627 88.886497 88.900032 88.913246 88.926147 88.938744 88.951057 88.963089 88.974846 88.986343 88.997589 89.008591 89.019348 89.029884 89.040192 89.050285 89.060173 89.069855 89.079338 89.088661 89.097626 89.105553 89.110954 89.125862 89.154495 89.178108 89.212776 89.252518 89.292587 89.340691 89.385864 89.417297 89.439163 89.478203 89.523621 89.55648 89.587448 89.625458 89.654709 89.682594 89.713387
88.147827 88.184441 88.219681 88.253601 88.286293 88.317802 88.348206 88.377548 88.405884 88.433273 88.459747 88.485367 88.510155 88.534157 88.557373 88.578934 88.599953 88.620407 88.640869 88.660957 88.680443 88.699333 88.717712 88.73558 88.75296 88.769875 88.7864 88.802216 88.816437 88.830978 88.84584 88.860336 88.874489 88.88829 88.901764 88.914909 88.927757 88.9403 88.95256 88.964539 88.97625 88.987701 88.998901 89.009857 89.020576 89.031075 89.041344 89.051399 89.061249 89.0709 89.080353 89.089622 89.098724 89.107574 89.11673 89.122238 89.135109 89.162849 89.203232 89.241989 89.270287 89.297844 89.3423 89.377022 89.401009 89.447487 89.503166 89.535927 89.560944 89.595688 89.628426 89.660568 89.688759
88.156891 88.192986 88.227737 88.261208 88.29348 88.324608 88.354645 88.383652 88.411674 88.438774 88.464973 88.490334 88.514885 88.538666 88.561623 88.5821 88.602798 88.624084 88.644547 88.664413 88.683716 88.702477 88.720718 88.738464 88.75573 88.772537 88.789017 88.804253 88.81823 88.833237 88.848022 88.862442 88.876511 88.890244 88.903648 88.916733 88.929512 88.941994 88.954193 88.966118 88.977776 88.989174 89.000328 89.011238 89.021912 89.032364 89.042595 89.05262 89.062431 89.072044 89.081467 89.090698 89.099724 89.108322 89.116386 89.124557 89.131508 89.148499 89.188377 89.218567 89.239899 89.25309 89.29129 89.327263 89.359261 89.409462 89.458382 89.499863 89.538704 89.570412 89.608177 89.6427 89.664337
88.166603 88.202141 88.236374 88.269371 88.301193 88.331909 88.361557 88.390213 88.4179 88.444687 88.470596 88.495682 88.519981 88.543579 88.56562 88.585953 88.607155 88.62812 88.648399 88.668106 88.687248 88.705864 88.723961 88.741577 88.758713 88.775406 88.791756 88.806984 88.820847 88.835693 88.850388 88.864723 88.878708 88.892357 88.905685 88.918694 88.931404 88.943825 88.955963 88.967827 88.979431 88.990776 89.001877 89.012733 89.023361 89.033768 89.043953 89.053932 89.063705 89.07328 89.082672 89.091743 89.100121 89.108414 89.116638 89.125153 89.133324 89.143692 89.162888 89.184761 89.211655 89.22168 89.245834 89.27536 89.310211 89.367508 89.421555 89.473488 89.520042 89.554253 89.590981 89.620102 89.643188
88.176918 88.211868 88.24556 88.278053 88.30941 88.339684 88.368935 88.397202 88.424545 88.450996 88.476601 88.501396 88.525421 88.548859 88.569679 88.590286 88.611755 88.632439 88.652534 88.672058 88.691032 88.709488 88.72744 88.744911 88.761917 88.778481 88.794716 88.80983 88.823586 88.838326 88.852921 88.867165 88.881058 88.894623 88.907867 88.920807 88.933441 88.945793 88.957863 88.969666 88.981201 88.992493 89.003532 89.014343 89.024918 89.035278 89.045418 89.055344 89.065079 89.0746 89.083885 89.092422 89.100296 89.109093 89.117813 89.126305 89.134666 89.142258 89.148239 89.160095 89.179604 89.19368 89.213547 89.242897 89.277016 89.334312 89.401726 89.463066 89.505234 89.539864 89.576599 89.601471 89.623207
88.187798 88.222137 88.255264 88.287231 88.3181 88.347923 88.376747 88.404617 88.431587 88.457687 88.482971 88.507462 88.531197 88.554375 88.57515 88.595276 88.616562 88.637039 88.656929 88.67627 88.695068 88.713356 88.731148 88.748466 88.765335 88.781754 88.797859 88.812866 88.826508 88.841133 88.855629 88.869766 88.883575 88.897049 88.91021 88.923058 88.935623 88.947891 88.959892 88.971626 88.983101 88.994324 89.00531 89.01606 89.026581 89.036888 89.046974 89.056862 89.066597 89.075729 89.084358 89.092873 89.101593 89.110428 89.119041 89.127495 89.135788 89.143944 89.151985 89.159836 89.164124 89.173401 89.189362 89.219398 89.253395 89.312012 89.390083 89.45179 89.494202 89.523003 89.559746 89.58812 89.603424
88.199226 88.232933 88.265465 88.29689 88.327248 88.35659 88.384972 88.41243 88.439011 88.464752 88.489685 88.513855 88.537384 88.559937 88.579941 88.6007 88.621643 88.641899 88.661583 88.680717 88.699333 88.717445 88.735069 88.752235 88.768951 88.785233 88.801201 88.816078 88.829605 88.844116 88.858498 88.872536 88.886238 88.89962 88.912689 88.925453 88.937927 88.950127 88.962051 88.973709 88.985115 88.996277 89.007195 89.017883 89.028351 89.038597 89.048637 89.058502 89.068047 89.076302 89.085007 89.094109 89.103027 89.111771 89.120346 89.128761 89.137024 89.145126 89.153084 89.160881 89.168648 89.175797 89.181587 89.202599 89.241646 89.298775 89.37693 89.438965 89.485008 89.512535 89.542542 89.570786 89.586708
88.211151 88.244202 88.276131 88.306984 88.336815 88.365669 88.393593 88.420616 88.446793 88.47216 88.496742 88.520645 88.543808 88.564438 88.58522 88.606384 88.626991 88.647018 88.666481 88.685417 88.703835 88.721756 88.739212 88.75621 88.772766 88.788895 88.804726 88.81958 88.832909 88.84726 88.861534 88.875458 88.889053 88.902336 88.915306 88.927986 88.940376 88.952484 88.964333 88.975914 88.987251 88.998337 89.009193 89.019821 89.03022 89.040413 89.050339 89.059586 89.068565 89.077423 89.086578 89.095627 89.1045 89.113197 89.121735 89.130112 89.138329 89.146393 89.15432 89.162094 89.169731 89.177223 89.183693 89.196442 89.231758 89.284767 89.353088 89.418335 89.473618 89.502953 89.526016 89.552689 89.568878
