trunk/raster/r.viewshed/testsuite/data/lake_viewshed.ascii
north: 216990
south: 215520
east: 635950
west: 633730
rows: 147
cols: 222
[rows 66 to 98 of 147, columns 73 to 145 of 222]
87.104591 87.018379 86.924995 86.82666 86.723587 86.618156 86.504997 86.386284 86.263359 86.134918 85.999435 85.859329 85.717903 85.57045 * * * 85.607811 86.169479 86.550797 86.782974 86.869926 86.890915 86.752159 86.212524 85.89119 85.647987 84.58847 84.129372 84.216599 84.302788 84.406013 84.522995 84.646507 84.784355 84.930511 85.080009 85.230667 85.380791 85.528938 85.675713 85.817703 85.95784 86.090179 86.224762 86.391655 86.543716 86.667976 86.786621 86.89917 87.012321 87.114815 87.211647 87.307182 87.393356 87.480988 87.563995 87.651283 87.686905 * * 87.661774 87.71711 87.768852 87.816536 87.864769 87.911484 87.956306 87.999367 88.040756 88.080574 88.118889 88.155785
87.056816 86.964836 86.866829 86.763489 86.654037 86.540016 86.418709 86.291283 86.16037 86.019073 85.872719 85.718674 85.56266 85.397659 * * * * 85.494667 86.154686 86.61972 86.801239 86.786812 86.590233 86.165108 85.811478 85.127403 83.852501 83.699722 83.827034 83.928383 84.053055 84.190628 84.338577 84.502792 84.67321 84.846054 85.018806 85.18943 85.356316 85.517815 85.674187 85.824989 85.968529 86.109871 86.262383 86.405472 86.537506 86.669518 86.792252 86.910095 87.022507 87.124313 87.224762 87.317314 87.407135 87.495728 87.5849 87.628975 * 87.57901 87.638062 87.695038 87.748398 87.797455 87.84684 87.894707 87.94059 87.984627 88.026924 88.067574 88.106659 88.144264
87.00985 86.91169 86.809898 86.701294 86.585007 86.462532 86.334526 86.197914 86.054138 85.901466 85.745758 85.576553 85.398766 * * * * * * 85.351288 86.047272 86.377243 86.440125 86.210472 85.917442 85.665009 84.497818 * * * 83.504311 83.653259 83.816872 84.000092 84.195129 84.394676 84.595039 84.793297 84.987236 85.17527 85.356339 85.529762 85.695038 85.85231 86.001472 86.144585 86.282082 86.417168 86.55088 86.681259 86.804977 86.927696 87.0383 87.139938 87.239906 87.333305 87.424728 87.518639 87.571365 * 87.554474 87.615326 87.673912 87.728729 87.779106 87.82972 87.878716 87.925629 87.970612 88.013779 88.055229 88.095047 88.133339
86.963623 86.860794 86.753845 86.638519 86.51561 86.386505 86.251198 86.105247 85.950226 85.786552 85.613571 * * * * * * * * * * 85.027145 85.246674 85.416298 85.565086 85.498009 * * * * * 83.19664 83.401299 83.626282 83.858704 84.093559 84.326622 84.554649 84.775352 84.987236 85.189415 85.38147 85.563301 85.735107 85.897003 86.04847 86.190544 86.32637 86.452835 86.579102 86.706741 86.831726 86.948425 87.055588 87.160629 87.261444 87.354004 87.452103 87.513908 * 87.53096 87.593674 87.653862 87.71035 87.761826 87.813499 87.863579 87.911484 87.957375 88.001373 88.043579 88.084114 88.123055
86.917938 86.81208 86.699295 86.578743 86.449478 86.312141 86.166077 86.012238 85.851776 85.67144 85.472153 * * * * * * * * * * * * * 85.297379 85.253204 * * * * * * * 83.212723 83.491219 83.768867 84.040726 84.303375 84.554649 84.793297 85.018806 85.231117 85.430519 85.617523 85.792755 85.956902 86.110878 86.253517 86.382393 86.507042 86.630989 86.748749 86.862984 86.973503 87.08149 87.188644 87.286232 87.385841 87.4571 87.460159 87.508728 87.573227 87.634773 87.691948 87.745201 87.798264 87.849358 87.898209 87.944962 87.989746 88.032684 88.073875 88.113434
86.875671 86.76519 86.646416 86.521835 86.386139 86.241486 86.0868 85.923462 85.74752 85.54628 85.333366 85.11779 * * * * * * * * * * * * 85.134621 84.905746 * * * * * * * * 83.090843 83.420319 83.738037 84.040726 84.326622 84.595039 84.846054 85.080185 85.298264 85.501259 85.690208 85.86615 86.030136 86.183121 86.323235 86.452675 86.576355 86.692741 86.803856 86.909508 87.013992 87.118279 87.216522 87.3153 87.398178 87.431473 87.488022 87.554131 87.616814 87.67382 87.729469 87.784081 87.836128 87.885864 87.933426 87.978958 88.022575 88.064392 88.104523
86.836845 86.720734 86.597313 86.46595 86.323456 86.175774 86.015465 85.834236 85.633812 85.423286 85.205559 84.970215 84.714905 * * * * * * * * * * * 84.933258 84.64048 * * * * * * * * * 83.048737 83.420319 83.768867 84.093559 84.394676 84.67321 84.930519 85.168152 85.387688 85.59066 85.778549 85.952705 86.114838 86.263634 86.398514 86.528633 86.650864 86.764923 86.870598 86.971573 87.068779 87.160675 87.25248 87.340134 87.402512 87.468765 87.536377 87.599586 87.6576 87.715317 87.770996 87.823944 87.874504 87.922821 87.96904 88.01329 88.055687 88.096352
86.798546 86.678246 86.552208 86.41526 86.267754 86.111198 85.937988 85.739059 85.529434 85.31498 85.080917 84.825089 84.54641 * * * * * * * * * * * * 84.618141 * * * * * * * * * * 83.090843 83.491219 83.858704 84.195137 84.502853 84.784348 85.042091 85.278419 85.495491 85.695259 85.879494 86.050148 86.205505 86.347008 86.482964 86.610039 86.728668 86.839813 86.943481 87.040184 87.131004 87.217171 87.300995 87.378227 87.451141 87.520042 87.582832 87.643234 87.702621 87.759079 87.812874 87.864189 87.913193 87.960045 88.004868 88.047798 88.088943
86.764809 86.640823 86.510674 86.372047 86.216911 86.043434 85.853775 85.651756 85.441818 85.213005 84.961945 84.686234 * * * * * * * * * * * * 84.921402 84.697205 * * * * * * * * * * 82.754929 83.212708 83.626411 84.00016 84.338135 84.644295 84.922264 85.17527 85.406189 85.617523 85.81147 85.99025 86.153244 86.300842 86.441139 86.572617 86.695084 86.809402 86.916321 87.016518 87.110596 87.198769 87.281418 87.360764 87.435341 87.505577 87.568802 87.630554 87.691154 87.748413 87.802956 87.854958 87.904587 87.952003 87.997353 88.040756 88.082344
86.736771 86.611725 86.475136 86.327538 86.159592 85.976822 85.782959 85.580811 85.360924 85.118652 84.851631 84.556351 84.225998 * * * * * * * * * * * 84.913765 84.665314 * * * * * * * * * * 82.420403 82.940018 83.402222 83.814278 84.182724 84.513329 84.811066 85.080185 85.324341 85.546631 85.74971 85.935905 86.107155 86.261452 86.403709 86.539154 86.665115 86.782463 86.892021 86.994522 87.090622 87.180885 87.265808 87.345856 87.421448 87.492317 87.55687 87.619759 87.681038 87.739044 87.79425 87.846863 87.897041 87.944962 87.990768 88.034592 88.076561
86.71167 86.584984 86.441673 86.280731 86.102776 85.920845 85.728798 85.519157 85.288704 85.034309 84.75251 84.437843 * * * * * * * * * * * 85.11367 84.645302 84.530724 84.009338 * * * * * * * * * 82.098175 82.682442 83.192787 83.642723 84.040726 84.394676 84.711044 84.995186 85.251564 85.483887 85.695259 85.88829 86.065903 86.226135 86.371101 86.510063 86.639114 86.759125 86.871002 86.975533 87.073402 87.165222 87.251534 87.332787 87.409706 87.479836 87.545494 87.610603 87.672379 87.731026 87.786804 87.839935 87.890594 87.938942 87.985146 88.029327 88.071632
86.689186 86.553558 86.403542 86.237946 86.06115 85.879982 85.683144 85.466293 85.227036 84.961952 84.667015 84.333763 * * * * * * * * * * 85.345078 85.461075 84.31144 84.317497 83.748032 83.524849 * * * * * * * * * 82.442352 83.007103 83.491196 83.916481 84.291649 84.624756 84.922264 85.189415 85.430519 85.649117 85.848198 86.030907 86.194946 86.343689 86.48571 86.617378 86.739647 86.853485 86.959724 87.05909 87.152222 87.239685 87.322021 87.399551 87.469292 87.536812 87.602936 87.665222 87.724396 87.780655 87.834221 87.885269 87.933983 87.980507 88.024994 88.067574
86.663933 86.521416 86.367264 86.203979 86.033089 85.848915 85.646538 85.423767 85.177361 84.903503 84.596443 * * * * * * * * * * * 85.58313 84.926743 83.787582 83.894241 83.349266 83.215164 83.089684 * * * * * * * * 82.229607 82.844696 83.366013 83.814278 84.207474 84.554649 84.863281 85.139359 85.387688 85.612221 85.81617 86.001884 86.169609 86.321938 86.466415 86.600182 86.724258 86.839661 86.94725 87.047806 87.141983 87.230362 87.313751 87.390327 87.460938 87.530548 87.59684 87.659615 87.7192 87.775841 87.829742 87.881104 87.930099 87.976883 88.021599 88.064392
86.64003 86.495728 86.342056 86.184196 86.013237 85.825691 85.619781 85.392662 85.140953 84.859978 * * * * * * * * * * * * 84.416267 83.992371 83.154655 83.179466 82.271942 82.410797 82.874397 82.551064 * * * * * * 81.759827 82.175331 82.702454 83.267471 83.738312 84.144974 84.502853 84.819878 85.102631 85.356339 85.585381 85.791626 85.976982 86.148384 86.306061 86.452431 86.58773 86.713127 86.829666 86.938248 87.039665 87.134598 87.223633 87.307823 87.383942 87.4552 87.525902 87.592476 87.655579 87.715469 87.772377 87.82653 87.878113 87.927307 87.974274 88.019165 88.062111
86.672867 86.494629 86.332039 86.174057 86.001244 85.811554 85.603493 85.37368 * * * * * * * * * * * * * * * 84.087341 82.802612 81.951355 78.953636 80.18718 81.678566 81.781738 * 81.608749 81.812233 * * 81.564461 82.155167 82.478256 82.72126 83.207924 83.687706 84.107307 84.471008 84.793297 85.080177 85.337303 85.56826 85.773445 85.960815 86.135788 86.29644 86.443962 86.5802 86.706398 86.823624 86.932816 87.034752 87.130142 87.21962 87.303864 87.380539 87.452255 87.523026 87.589844 87.653152 87.713219 87.770294 87.824593 87.876312 87.925629 87.97271 88.0177 88.060738
86.78212 86.552605 86.342888 86.166916 85.993423 85.806824 85.597572 * * * * * * * * * * * * * * * 85.487518 85.389969 84.608276 82.01812 180 75.063782 79.15181 80.406548 80.846001 81.06765 81.139297 * 81.352478 81.927254 82.618835 82.997536 83.08712 83.291077 83.674347 84.090752 84.460861 84.784325 85.072716 85.330719 85.559105 85.764954 85.957184 86.132568 86.293243 86.441124 86.577675 86.70414 86.821609 86.930992 87.033104 87.128647 87.21846 87.301613 87.377472 87.451332 87.522072 87.588966 87.652336 87.712471 87.7696 87.823944 87.87571 87.925072 87.972183 88.017212 88.06028
86.894325 86.646881 86.39502 86.176346 85.987373 85.813042 * * * * * * * * * * * * * * * * * 87.307678 87.39119 84.155418 76.270714 75.059563 76.837059 78.563866 79.572701 79.977325 80.290939 80.955154 81.716057 82.481361 83.047966 83.342583 83.504372 83.579819 83.756371 84.091942 84.47123 84.793449 85.080475 85.334465 85.559929 85.770065 85.961517 86.1362 86.296448 86.443962 86.5802 86.706398 86.823624 86.932816 87.034752 87.130135 87.219986 87.302063 87.377739 87.452415 87.523026 87.589844 87.653152 87.713219 87.770294 87.824593 87.876312 87.925629 87.97271 88.0177 88.060738
86.987602 86.807365 86.649536 86.461029 86.173317 * * * * * * * * * * * * * * * * 87.923538 88.210098 88.702736 87.626984 83.517975 78.346161 75.731956 75.9814 77.338112 78.607819 79.540695 80.458038 81.551743 82.314659 82.904152 83.279785 83.481674 83.713791 83.840225 83.938042 84.1567 84.494484 84.821281 85.101219 85.348106 85.576347 85.784546 85.973885 86.147057 86.306015 86.452431 86.58773 86.713127 86.829666 86.938248 87.039665 87.134613 87.223869 87.305801 87.38131 87.455513 87.525879 87.592476 87.655579 87.715469 87.772377 87.82653 87.878113 87.927307 87.974274 88.019165 88.062111
* * 87.62735 87.536049 87.020073 86.507339 86.256775 * * * * * * * * * * * * * 89.106842 89.269386 89.36116 88.84568 86.694138 82.78997 79.006172 77.734123 78.361481 79.173904 79.862755 80.753494 81.761566 82.488899 82.971039 83.456009 83.60955 83.665619 83.864723 84.032761 84.170784 84.307831 84.53997 84.854973 85.130638 85.378525 85.604233 85.808472 85.994202 86.164948 86.321793 86.466415 86.600182 86.724258 86.839661 86.94725 87.047806 87.14209 87.230003 87.309914 87.386696 87.460663 87.530624 87.59684 87.659615 87.7192 87.775841 87.829742 87.881104 87.930099 87.976883 88.021599 88.064392
* * 88.986084 88.972527 88.272675 87.534782 87.183746 86.969284 86.691963 * * * * * * * * * * * 89.55574 89.737022 89.597878 88.455147 86.156464 83.082497 81.243462 81.672188 82.423721 82.614159 82.625488 82.898483 83.217422 83.296349 83.675034 84.226089 84.235275 * 84.084595 84.285599 84.45388 84.55793 84.651642 84.887283 85.174103 85.414772 85.631172 85.832481 86.021019 86.189507 86.343864 86.48568 86.617378 86.739647 86.853485 86.959724 87.05909 87.152351 87.238403 87.317162 87.394402 87.467827 87.537209 87.602913 87.665222 87.724396 87.780655 87.834221 87.885269 87.933983 87.980507 88.024994 88.067574
* * 89.775551 89.840401 89.312943 88.522209 88.108086 87.929085 87.685997 87.478546 87.481987 87.472092 87.421638 * * * * * * 89.709671 90.162605 89.98777 89.157005 87.927963 86.000259 84.128754 83.958977 84.953674 85.190697 85.00544 84.770462 84.545357 84.255814 84.038528 84.442162 85.032089 85.001915 * 84.482292 84.603676 84.817307 84.95575 85.00325 85.142113 85.337959 85.515961 85.683876 85.869728 86.067558 86.215019 86.366333 86.510681 86.639076 86.759125 86.871002 86.975533 87.073418 87.164963 87.248505 87.327652 87.404373 87.476952 87.545601 87.610657 87.672379 87.731026 87.786804 87.839935 87.890594 87.938942 87.985146 88.029327 88.071671
* * * 90.184761 89.997498 89.42337 89.032341 88.898712 88.721329 88.719742 88.933868 89.171906 89.463333 89.256882 * * * * 89.951515 90.429276 90.541862 89.895676 88.68512 87.451843 86.352646 85.933624 86.432899 86.987732 86.842072 86.501549 86.070404 85.596069 85.034775 84.798492 85.250877 85.806328 85.781105 85.400612 85.08754 85.059547 85.238731 85.424789 85.635391 85.862717 86.056938 86.179413 86.229248 86.282494 86.303482 86.306938 86.395943 86.536118 86.665482 86.782616 86.892006 86.994522 87.090645 87.180168 87.261261 87.340454 87.416374 87.487961 87.555748 87.620018 87.681038 87.739044 87.79425 87.846863 87.897041 87.944962 87.990768 88.034592 88.076347
* * * 90.375252 90.416954 90.234749 90.036278 89.934425 89.818535 89.852699 90.10817 90.530205 90.87294 90.537071 89.375443 * * * 90.66481 90.884247 90.669106 89.770988 88.516983 87.665367 87.638504 88.032196 88.344139 88.401329 88.098137 87.635452 87.080299 86.436714 85.668861 85.525139 86.134468 86.615654 86.5597 86.23259 85.878944 85.704231 85.717575 85.979904 86.444527 86.869576 87.204704 87.363289 87.375626 87.366531 87.239647 87.014923 * * 86.696426 86.807785 86.916512 87.016525 87.110603 87.198456 87.278145 87.355675 87.430328 87.500793 87.567574 87.630936 87.691147 87.748413 87.802956 87.854958 87.904587 87.952003 87.997353 88.040779 88.080833
* * * * 90.752129 90.855309 90.907234 90.861961 90.816757 90.81636 91.020317 91.460999 91.543037 90.707634 89.689644 * 90.432442 90.800949 91.05545 91.169197 90.61673 89.604706 88.700294 88.572441 89.101662 89.445297 89.468056 89.331535 89.012215 88.507805 87.88134 87.121384 86.29126 86.269165 87.038795 87.510628 87.402351 87.118393 86.750618 86.406204 86.262131 86.595947 87.195198 87.737282 88.174934 88.391327 88.418381 88.421158 88.24894 87.946198 * * * * 86.944176 87.041084 87.133156 87.218994 87.296944 87.37291 87.446159 87.515358 87.581009 87.643356 87.702644 87.759079 87.812874 87.864189 87.913193 87.960045 88.004875 88.047798 88.086372
* * * * * 91.268433 91.420235 91.507011 91.606827 91.663452 91.808479 92.05249 91.798706 90.815483 90.360825 90.799355 91.15596 91.231163 91.315842 91.121201 90.356499 89.647415 89.336777 89.564194 90.046539 90.224113 90.14653 89.969872 89.674431 89.213577 88.513962 87.60334 86.867226 86.992706 87.810699 88.27993 88.141624 87.865784 87.4431 87.038544 86.912689 87.205177 87.754463 88.298279 88.747101 89.019958 89.086365 89.025833 * * * * * * * * 87.157829 87.241776 87.317795 87.392036 87.463745 87.531563 87.59597 87.657196 87.715469 87.770988 87.823944 87.874504 87.922821 87.969048 88.013374 88.054886 88.092949
* * * * * * * 91.870789 92.049858 92.161148 92.26635 92.30632 92.089943 91.605057 91.292046 91.254005 91.321869 91.490707 91.404053 90.864632 90.356628 90.198967 90.270866 90.412468 90.625366 90.753601 90.730835 90.532326 90.157959 89.771217 89.091187 * 87.336494 87.711166 88.513969 88.849403 88.576828 88.322372 87.978043 87.751175 87.790611 88.002861 88.330185 88.743362 89.150703 89.424286 89.531219 89.399155 * * * * * * * * * * 87.340538 87.412926 87.482971 87.549309 87.612366 87.672379 87.729553 87.784081 87.836128 87.885864 87.933426 87.97905 88.022285 88.061279 88.100723
* * * * * * * * * 92.304817 92.373932 92.374611 92.373322 92.09008 91.605766 91.420738 91.547714 91.738831 91.530647 91.005768 90.844887 90.96965 91.103447 91.152893 91.161873 91.109131 91.070389 90.937935 90.572174 90.219032 89.475967 * 87.807724 88.395493 89.18528 89.275932 * 88.633087 88.469444 88.431213 88.56485 88.689972 88.810562 89.108002 89.474937 89.694267 89.758659 * * * * * * * * * * * * * 87.503731 87.568474 87.630104 87.68882 87.744827 87.798279 87.849358 87.898209 87.945038 87.989594 88.030121 88.070129 88.109749
* * * * * * * * * * * 92.330055 92.197945 91.832489 91.506287 * 91.718094 91.846153 91.750053 91.454842 91.46994 91.652145 91.783134 91.821083 91.679604 91.453537 91.327957 91.220375 90.929832 90.482414 * * 88.292915 88.88871 89.530563 89.487473 * 89.076912 88.878044 88.782257 88.883606 88.940727 89.000496 89.241119 89.58358 89.793274 89.831261 * * * * * * * * * * * * * * * 87.649086 87.706436 87.7612 87.81353 87.863579 87.911484 87.957558 88.000565 88.040146 88.08036 88.119377
* * * * * * * * * * * * * 91.597511 91.676819 91.778633 * 91.886177 91.942078 91.867119 91.94838 92.14035 92.278511 92.271072 92.075668 91.849915 91.668381 91.458641 91.149582 * * * 88.707336 89.240494 89.707001 89.687149 89.604256 89.556381 89.308052 89.045197 88.984772 89.027534 89.071922 89.270172 89.598389 89.827698 89.892281 * * * * * * * * * * * * * * * * * * 87.829742 87.878716 87.925652 87.97065 88.011917 88.051537 88.091324 88.129692
* * * * * * * * * * * * 91.64399 91.807091 92.006493 92.065643 92.004288 91.950272 92.022728 92.107101 92.167702 92.35817 92.514549 92.470032 92.305923 92.122337 91.885818 91.612457 91.26796 90.715584 * * 89.03273 89.543686 89.965614 89.996483 89.927887 89.8582 89.667198 89.350075 89.120331 89.133568 89.233879 89.437485 89.725159 89.926117 90.021057 90.01207 89.986465 89.951096 * * * * * * * * * * * * * * * * * 87.940628 87.983208 88.023254 88.063766 88.102951 88.140633
* * * * * * * * * * * 91.755035 91.912117 92.122192 92.232002 92.228424 92.197121 92.091125 * 92.161812 * * 92.535912 92.508728 92.392899 92.239822 91.983475 91.702705 91.330925 * * * 89.372414 89.850952 90.224998 90.24778 90.162781 90.060692 89.91024 * * 89.264915 89.523094 89.764732 89.975899 90.13356 90.222855 90.213425 90.147049 * * * * * * * * * * * * * * * * * * * * 88.036835 88.076813 88.115211 88.152176
* * * * * * * * * * 91.857368 92.035675 92.174652 92.280151 92.319191 92.302376 92.296585 92.234756 92.156662 92.199471 * * * * 92.389076 92.259102 92.013206 * * * * * 89.775291 90.169968 90.438438 90.410362 90.363647 90.290306 90.151527 89.886642 * 89.48793 89.880859 90.139801 90.28476 90.399925 90.433853 90.360359 * * * * * * * * * * * * * * * * * * * * * * * 88.128052 88.164284
* * * * * * * * * * * * * * * * 92.297623 92.268112 92.221909 92.269485 * * * * * * * * * * * * 90.102325 90.453201 90.633011 90.584923 90.59906 90.58094 90.424477 90.205933 89.920685 89.940636 90.267715 90.492004 90.602242 90.652763 90.614632 * * * * * * * * * * * * * * * * * * * * * * * * * *
